0.01	4.752576765895713e30
0.01333	7.916295339671294e30
0.01666	1.1571526320287591e31
0.01999	1.5550923838418143e31
0.02332	1.9698843191140093e31
0.02665	2.386971375215292e31
0.02998	2.7930544835080183e31
0.03331	3.1780122443711498e31
0.03664	3.5328338696137046e31
0.03997	3.848701399908637e31
0.043300000000000005	4.126241844296654e31
0.046630000000000005	4.357351457177611e31
0.049960000000000004	4.5300797526029815e31
0.053290000000000004	4.674709347371109e31
0.056620000000000004	4.7611995999820545e31
0.05995	4.828546604759647e31
0.06328	4.839838827152318e31
0.06661	4.835133047257714e31
0.06994	4.766966504893951e31
0.07327	4.71200902704878e31
0.0766	4.603295795344844e31
0.07993	4.474369991870326e31
0.08326	4.355816752524837e31
0.08659	4.183090839852535e31
0.08992	4.0263412261289345e31
0.09325	3.903965833357161e31
0.09658	3.738138735929374e31
0.09991	3.572857132522275e31
0.10324	3.450117363042992e31
0.10657	3.2953957790583393e31
0.1099	3.1270181521258666e31
0.11323	3.0000384900900306e31
0.11656	2.8937937842099273e31
0.11989	2.7681020255825355e31
0.12322	2.634301194717288e31
0.12655	2.5330715001400437e31
0.12988	2.4588719058718815e31
0.13321	2.374868111234535e31
0.13654000000000002	2.280742169291584e31
0.13987000000000002	2.2046005162589396e31
0.14320000000000002	2.14858278335176e31
0.14653000000000002	2.0855728829000523e31
0.14986000000000002	2.0181414012162701e31
0.15319000000000002	1.946044163472608e31
0.15652000000000002	1.8897605536148641e31
0.15985000000000002	1.8478979494588967e31
0.16318000000000002	1.8039378312252775e31
0.16651000000000002	1.7568796029906111e31
0.16984000000000002	1.705850998242933e31
0.17317000000000002	1.6548814863114567e31
0.17650000000000002	1.6104468634261154e31
0.17983000000000002	1.5761855814293877e31
0.18316000000000002	1.5384095007204179e31
0.18649000000000002	1.5028543644791218e31
0.18982000000000002	1.466368992835338e31
0.19315000000000002	1.4290199811950354e31
0.19648000000000002	1.3934156214074697e31
0.19981000000000002	1.3649168197406833e31
0.20314000000000002	1.334631560430391e31
0.20647000000000001	1.3044682732013128e31
0.20980000000000001	1.2770571914943493e31
0.21313000000000001	1.2489614590096445e31
0.21646	1.2220040197540343e31
0.21979	1.1956839497516657e31
0.22312	1.173066687377045e31
0.22645	1.1496703279754992e31
0.22978	1.125359357274746e31
0.23311	1.1033056556792991e31
0.23644	1.0826642992617633e31
0.23977	1.0621365858855967e31
0.2431	1.0415027330119146e31
0.24643	1.0213973418933422e31
0.24976	1.003922304446147e31
0.25309	9.870471749593071e30
0.25642	9.691701845781253e30
0.25975	9.522265038860501e30
0.26308000000000004	9.354088560259039e30
0.26641000000000004	9.192375820717192e30
0.26974000000000004	9.036622478301906e30
0.27307000000000003	8.884945507485988e30
0.27640000000000003	8.732570280647617e30
0.27973000000000003	8.602971280087652e30
0.28306000000000003	8.452240762971518e30
0.28639000000000003	8.304318176398104e30
0.28972000000000003	8.16284359779473e30
0.29305000000000003	8.036499243909042e30
0.29638000000000003	7.905723982436871e30
0.29971000000000003	7.782263750250737e30
0.30304000000000003	7.664379297937405e30
0.30637000000000003	7.547798189854946e30
0.30970000000000003	7.43105159887147e30
0.31303000000000003	7.317715850180373e30
0.31636000000000003	7.210340364847521e30
0.31969000000000003	7.10379139585246e30
0.32302000000000003	6.997672487737085e30
0.32635000000000003	6.89993365287448e30
0.32968000000000003	6.800620581850892e30
0.33301000000000003	6.699620943006038e30
0.33634000000000003	6.606005743524669e30
0.33967	6.512885809079809e30
0.343	6.4201060454934e30
0.34633	6.332087670255534e30
0.34966	6.244573554551731e30
0.35299	6.163192508686367e30
0.35632	6.089600265496717e30
0.35965	6.020137580870979e30
0.36298	5.986562660152953e30
0.36631	6.088046704747352e30
0.36964	6.003183068044878e30
0.37297	5.911014552247501e30
0.3763	5.836919078975431e30
0.37963	5.76685095449915e30
0.38296	5.675083014052044e30
0.38629	5.592981360190197e30
0.38962	5.539564029258892e30
0.39295	5.469018712427688e30
0.39628	5.400316301031874e30
0.39961	5.329608034049785e30
0.40294	5.261279748741284e30
0.40627	5.199531221030511e30
0.4096	5.124884917857252e30
0.41293	5.063144567601507e30
0.41626	5.0050124168593197e30
0.41959	4.9500662995252423e30
0.42292	4.8887644752957273e30
0.42625	4.830929468245464e30
0.42958	4.7799838351965065e30
0.43291	4.722063446820206e30
0.43624	4.66715381307669e30
0.43957	4.614687392004387e30
0.4429	4.5621440991769873e30
0.44623	4.5090880521371536e30
0.44956	4.457949825727969e30
0.45289	4.408938351106992e30
0.45622	4.361329957949476e30
0.45955	4.3142139045278103e30
0.46288	4.267178035799462e30
0.46621	4.2222610090991347e30
0.46954	4.177408071790304e30
0.47287	4.1348350669838355e30
0.4762	4.099752436804013e30
0.47953	4.0583940191617974e30
0.48286	4.0155367058028894e30
0.48619	3.980544102874894e30
0.48952	3.970076843876153e30
0.49285	3.979743048047503e30
0.49618	4.0099406486411875e30
0.49951	4.195905872641877e30
0.50284	4.0865532781509375e30
0.50617	4.03989023117648e30
0.5095	4.0043797979043304e30
0.51283	3.96899087554983e30
0.5161600000000001	3.9311078029157014e30
0.51949	3.896959678533339e30
0.5228200000000001	3.858873868223361e30
0.52615	3.826013956018184e30
0.5294800000000001	3.7949625643847415e30
0.53281	3.764146202185959e30
0.5361400000000001	3.734866340130237e30
0.53947	3.704659828814725e30
0.5428000000000001	3.6754157021268783e30
0.54613	3.655251869476215e30
0.5494600000000001	3.658757866443915e30
0.55279	3.636429987762718e30
0.5561200000000001	3.5962837286558817e30
0.55945	3.5722721904743366e30
0.5627800000000001	3.5568644502706854e30
0.56611	3.528209708919004e30
0.5694400000000001	3.515807521238767e30
0.57277	3.6061608717470755e30
0.5761000000000001	3.4581297978172515e30
0.57943	3.396455103068531e30
0.5827600000000001	3.35249899271723e30
0.58609	3.311239898888046e30
0.58942	3.277059305280322e30
0.59275	3.238905688220684e30
0.59608	3.204353084021081e30
0.59941	3.170275793525378e30
0.60274	3.13943425547202e30
0.60607	3.1108189953405033e30
0.6094	3.0754104910549313e30
0.61273	3.044162209890407e30
0.61606	3.0150556728085654e30
0.61939	2.9848378293034006e30
0.62272	2.9590144736270234e30
0.62605	2.9318362837051386e30
0.62938	2.913700695764506e30
0.63271	2.930224880058408e30
0.63604	2.951131834396815e30
0.63937	2.961265692550945e30
0.6427	2.9467119380407684e30
0.64603	2.984683366017291e30
0.64936	3.209540701251992e30
0.65269	5.805471300805296e30
0.65602	3.9673841233631925e30
0.65935	3.7505824815874766e30
0.66268	3.688205846155324e30
0.66601	3.658228064535705e30
0.66934	3.600858353519415e30
0.67267	3.543600608115081e30
0.676	3.4589918066621483e30
0.67933	3.425983361086063e30
0.68266	3.402639018777138e30
0.68599	3.3734251847287835e30
0.68932	3.349517924402249e30
0.69265	3.3263363631895744e30
0.69598	3.303949731568925e30
0.69931	3.282523882204954e30
0.70264	3.261638278071497e30
0.70597	3.238444458657731e30
0.7093	3.217331571011673e30
0.71263	3.196056460180659e30
0.71596	3.174911961015928e30
0.71929	3.155213999988276e30
0.72262	3.135553307676466e30
0.72595	3.109963017418711e30
0.72928	3.085619630467826e30
0.73261	3.136045396135804e30
0.73594	3.233440236160095e30
0.73927	3.21596123661214e30
0.7426	3.1966951652816933e30
0.74593	3.1759486476258727e30
0.74926	3.157303748923743e30
0.75259	3.138672930553891e30
0.75592	3.119100072179737e30
0.75925	3.100725036587526e30
0.76258	3.08348811243642e30
0.76591	3.0679197625395084e30
0.76924	3.0519857215553734e30
0.77257	3.031999660761106e30
0.7759	3.015390129573953e30
0.77923	3.000561258121101e30
0.78256	2.9797049497368145e30
0.78589	2.9611521235031406e30
0.78922	2.943333049284229e30
0.79255	2.926550517868306e30
0.79588	2.911132340447905e30
0.79921	2.8958337425971107e30
0.80254	2.880939160917225e30
0.80587	2.865907986054249e30
0.8092	2.851496580690088e30
0.81253	2.837791574306665e30
0.81586	2.824749905219456e30
0.81919	2.812356454062966e30
0.82252	2.8043841202505455e30
0.82585	2.786717043907948e30
0.82918	2.7746136375587707e30
0.83251	2.762396272320282e30
0.83584	2.7509275593541687e30
0.83917	2.740589743129406e30
0.8425	2.730576576606056e30
0.84583	2.720653126204959e30
0.84916	2.71367287321783e30
0.85249	2.707175286657168e30
0.85582	2.697261036147573e30
0.85915	2.6912187701465946e30
0.86248	2.68710561015921e30
0.8658100000000001	2.686731893718088e30
0.86914	2.6841515609529483e30
0.8724700000000001	2.671548729808494e30
0.8758	2.666187075259485e30
0.8791300000000001	2.662746100080743e30
0.88246	2.6592774973090826e30
0.8857900000000001	2.657666512905031e30
0.88912	2.656156271054519e30
0.8924500000000001	2.656470872278345e30
0.89578	2.65827490758195e30
0.8991100000000001	2.664837204672044e30
0.90244	2.6802702545643537e30
0.9057700000000001	2.695712277604061e30
0.9091	2.7119800775202176e30
0.9124300000000001	2.713465249598736e30
0.91576	2.72244432399736e30
0.9190900000000001	2.8020363522591733e30
0.92242	2.7784360714451916e30
0.9257500000000001	2.687577418925737e30
0.92908	2.6462439811967885e30
0.9324100000000001	2.621754531028301e30
0.93574	2.609484595302365e30
0.9390700000000001	2.5928817371650313e30
0.9424	2.584108773788533e30
0.9457300000000001	2.5834996894097206e30
0.94906	2.585341859581074e30
0.9523900000000001	2.58359664829457e30
0.95572	2.583633524595564e30
0.9590500000000001	2.5653638568601333e30
0.96238	2.5533071308189084e30
0.9657100000000001	2.543220445225999e30
0.96904	2.53293327464335e30
0.9723700000000001	2.526810076332819e30
0.9757	2.5251998980702782e30
0.9790300000000001	2.528328959736845e30
0.98236	2.530300778227898e30
0.9856900000000001	2.529554951025283e30
0.98902	2.5483646459588916e30
0.9923500000000001	2.5621623005208704e30
0.99568	2.5673971179828177e30
0.9990100000000001	2.567361645252435e30
1.00234	2.559315559377482e30
1.00567	2.550933936190844e30
1.009	2.5446647771624397e30
1.01233	2.554271536771e30
1.01566	2.622998585802434e30
1.01899	3.1243544258996566e30
1.0223200000000001	3.0566368925332517e30
1.02565	2.7596423977768573e30
1.02898	2.711406018292595e30
1.03231	2.6872421023073096e30
1.0356400000000001	2.678494316633688e30
1.03897	2.6605206271514495e30
1.0423	2.6534587192073326e30
1.04563	2.741276359040737e30
1.0489600000000001	2.909112975897293e30
1.05229	3.0491748379344846e30
1.05562	2.973156630904307e30
1.05895	2.7940880895277534e30
1.0622800000000001	2.597659157195824e30
1.06561	2.510944024085396e30
1.06894	2.455125050322238e30
1.07227	2.4058048131280933e30
1.0756000000000001	2.405474229148487e30
1.07893	2.3735188351356385e30
1.08226	2.3420376347647106e30
1.08559	2.40609935297546e30
1.08892	2.320289128335021e30
1.09225	2.190576302514782e30
1.09558	2.1575496058072765e30
1.09891	2.1499637071787928e30
1.10224	2.1498121351069562e30
1.10557	2.1483347669808904e30
1.1089	2.122886453078449e30
1.11223	2.0794523632096317e30
1.11556	2.044250268104842e30
1.11889	2.0179139325199552e30
1.12222	1.97718467471504e30
1.12555	1.9491633662651888e30
1.12888	1.9414028876051506e30
1.13221	1.9495429125674768e30
1.13554	1.911224562587627e30
1.13887	1.8774649809087718e30
1.1422	1.85915005869274e30
1.14553	1.8520876095237045e30
1.14886	1.831554775286356e30
1.15219	1.8130540166367915e30
1.15552	1.7993165167995988e30
1.15885	1.7842745316290858e30
1.16218	1.771295375868014e30
1.16551	1.7591066714852002e30
1.16884	1.7476413116415343e30
1.17217	1.7367042661555358e30
1.1755	1.726138422373015e30
1.17883	1.7158712002567505e30
1.18216	1.7064091146229364e30
1.18549	1.7285709286032144e30
1.18882	1.729861783122159e30
1.19215	1.721074238775066e30
1.19548	1.713209987503725e30
1.19881	1.7059251070579258e30
1.20214	1.6986484741555563e30
1.20547	1.6903775702289908e30
1.2088	1.6816220154107313e30
1.21213	1.6749446251120342e30
1.21546	1.6688235398595713e30
1.21879	1.6618369278695228e30
1.22212	1.6541625469823587e30
1.22545	1.6473582164378872e30
1.22878	1.6416917553348292e30
1.23211	1.6342634610835933e30
1.23544	1.627934422828094e30
1.23877	1.622002407639186e30
1.2421	1.6164482945390064e30
1.24543	1.611290842387834e30
1.24876	1.606604735161162e30
1.25209	1.6023512712775818e30
1.25542	1.5984779133613626e30
1.25875	1.5950180714212474e30
1.26208	1.5915561526130623e30
1.26541	1.588878730366322e30
1.26874	1.5851971082132193e30
1.27207	1.582615564626073e30
1.2754	1.5802161762374366e30
1.27873	1.5782804217748603e30
1.28206	1.5771378720299302e30
1.28539	1.574818505582404e30
1.28872	1.5737299951867468e30
1.2920500000000001	1.572901271745202e30
1.29538	1.5725420309591373e30
1.29871	1.5725462321997313e30
1.30204	1.573032222956248e30
1.3053700000000001	1.5743188748763092e30
1.3087	1.5773807217336114e30
1.31203	1.580101451971309e30
1.31536	1.5846685825222145e30
1.3186900000000001	1.5905464632105335e30
1.32202	1.5982899671775653e30
1.32535	1.608379734939527e30
1.32868	1.6243073015783397e30
1.3320100000000001	1.640397520799924e30
1.33534	1.6552936360491156e30
1.33867	1.6607505242867843e30
1.342	1.6727823287053844e30
1.3453300000000001	1.717891735509036e30
1.34866	1.866187313501299e30
1.35199	1.7633859544628155e30
1.35532	1.6483443655370194e30
1.3586500000000001	1.5876589184199965e30
1.36198	1.546275237329519e30
1.36531	1.516643215575437e30
1.36864	1.4931517595625762e30
1.3719700000000001	1.4725075211667773e30
1.3753	1.4560100404602278e30
1.37863	1.4419511934807412e30
1.38196	1.4400679304870977e30
1.3852900000000001	1.422491448932682e30
1.38862	1.40050971813672e30
1.39195	1.3812289658594027e30
1.39528	1.3662751298661658e30
1.3986100000000001	1.3594271193587924e30
1.40194	1.3521159617906917e30
1.40527	1.3653585017630405e30
1.4086	1.411658939546405e30
1.4119300000000001	1.3443360006041215e30
1.41526	1.3071754596568015e30
1.41859	1.293102779123258e30
1.42192	1.286581205684935e30
1.4252500000000001	1.285777546781978e30
1.42858	1.290351370871571e30
1.43191	1.274329058680913e30
1.43524	1.2748519560750496e30
1.4385700000000001	1.2731431747545316e30
1.4419	1.2673506427757008e30
1.44523	1.270697339701783e30
1.44856	1.2555608618505507e30
1.4518900000000001	1.2650087104626943e30
1.45522	1.2526233705854328e30
1.45855	1.2598647395247189e30
1.46188	1.2619728524058683e30
1.4652100000000001	1.3189339099694147e30
1.46854	1.850521615944548e30
1.47187	1.4661234361210594e30
1.4752	1.2809143195931307e30
1.4785300000000001	1.2378449056839242e30
1.48186	1.2211326842365511e30
1.48519	1.2099248003611365e30
1.48852	1.2035612215776011e30
1.4918500000000001	1.1963139726437284e30
1.49518	1.1937910420639251e30
1.49851	1.183624463167463e30
1.50184	1.1831992919149506e30
1.5051700000000001	1.1662171018852063e30
1.5085	1.1577988375389011e30
1.51183	1.1411778059859157e30
1.51516	1.1329523196260299e30
1.5184900000000001	1.12349201198665e30
1.52182	1.1131423056699447e30
1.52515	1.1112016802270602e30
1.52848	1.1020331540944765e30
1.5318100000000001	1.0995464171500094e30
1.53514	1.0919749111192628e30
1.53847	1.0880813238089506e30
1.5418	1.0946941734665546e30
1.5451300000000001	1.0814832536895982e30
1.54846	1.0711279114007315e30
1.55179	1.065774877814184e30
1.55512	1.0641401361474856e30
1.5584500000000001	1.0575085233884616e30
1.56178	1.06467286413825e30
1.56511	1.0491105281720526e30
1.56844	1.0455869498678713e30
1.5717700000000001	1.0377499753942451e30
1.5751	1.0427891776273546e30
1.57843	1.0298784167124479e30
1.58176	1.0248859748291272e30
1.58509	1.0209377695136282e30
1.58842	1.025729956672061e30
1.59175	1.0178805757543219e30
1.59508	1.0070381258454409e30
1.59841	1.0071126781733297e30
1.60174	1.0007963926825451e30
1.60507	9.990256306785455e29
1.6084	1.0118499918054865e30
1.61173	9.907403432340458e29
1.61506	9.869845912788876e29
1.61839	9.866280905637241e29
1.62172	9.974592197072733e29
1.62505	9.96364552168282e29
1.62838	9.623448223276906e29
1.63171	9.629863440872334e29
1.63504	9.569526293654145e29
1.63837	9.517303893586928e29
1.6417	9.521997046893084e29
1.64503	9.552917144550495e29
1.64836	9.489905811235777e29
1.65169	9.541145560977122e29
1.65502	9.388676500880474e29
1.65835	9.387343668669528e29
1.66168	9.372740037402235e29
1.66501	9.317157630737057e29
1.66834	9.229280318338459e29
1.67167	9.234678553045119e29
1.675	9.224322090089686e29
1.67833	9.155742026390718e29
1.68166	9.14927413305213e29
1.68499	9.122628430960993e29
1.68832	9.123869692782297e29
1.69165	9.038241259152126e29
1.69498	9.062204913929377e29
1.69831	9.032570905296334e29
1.70164	9.03988362381909e29
1.70497	9.01823218457814e29
1.7083	8.994527725161792e29
1.71163	8.979217274359895e29
1.71496	8.99617413754289e29
1.71829	8.96002430547708e29
1.7216200000000002	8.981005336930134e29
1.72495	9.401877370504748e29
1.72828	8.954845551437954e29
1.73161	9.137942242980164e29
1.7349400000000001	8.96519037260542e29
1.73827	8.940907996426495e29
1.7416	8.961204992264569e29
1.74493	9.036510447769803e29
1.7482600000000001	9.079526280646896e29
1.75159	9.084827950272812e29
1.75492	9.191790142266577e29
1.75825	9.197994165449401e29
1.7615800000000001	9.161147163135088e29
1.76491	9.118559887617138e29
1.76824	9.155128147561657e29
1.77157	9.172162498989036e29
1.7749000000000001	9.214343776090046e29
1.77823	9.222101813033445e29
1.78156	9.27004819804107e29
1.78489	9.328735680435317e29
1.7882200000000001	9.396599302548612e29
1.79155	9.415895611393945e29
1.79488	9.495251397957248e29
1.79821	9.867216102571808e29
1.8015400000000001	9.636808660772733e29
1.80487	9.704247143146776e29
1.8082	9.797269471178136e29
1.81153	9.965897822983764e29
1.8148600000000001	1.0020971778430476e30
1.81819	1.0178175189911269e30
1.82152	1.0325628464225943e30
1.82485	1.0513968622249608e30
1.8281800000000001	1.0710849686637978e30
1.83151	1.0961166320180175e30
1.83484	1.1294913442951918e30
1.83817	1.1713874119254826e30
1.8415000000000001	1.2052694341719668e30
1.84483	1.2425888926807435e30
1.84816	1.2616005545089053e30
1.85149	1.285207560884399e30
1.8548200000000001	1.3502220456885524e30
1.85815	1.5113039473351496e30
1.86148	1.6281460930927878e30
1.86481	1.347721239944768e30
1.8681400000000001	1.206437381116807e30
1.87147	1.1213739396766982e30
1.8748	1.0615047168374546e30
1.87813	1.0159447550101926e30
1.8814600000000001	9.795777803901007e29
1.88479	9.497097464205331e29
1.88812	9.232262119519516e29
1.89145	9.021332446540375e29
1.8947800000000001	8.814535039114215e29
1.89811	8.642656091207679e29
1.90144	8.507332193081573e29
1.90477	8.35616659568055e29
1.9081000000000001	8.214635631397906e29
1.91143	8.084835949161071e29
1.91476	7.96635601882506e29
1.91809	7.85909903448548e29
1.9214200000000001	7.758706577103298e29
1.92475	7.668575201268582e29
1.92808	7.585574856537848e29
1.93141	7.510774657276199e29
1.9347400000000001	7.445414319720802e29
1.93807	7.393555886379972e29
1.9414	7.358101127251364e29
1.94473	7.34446462875692e29
1.9480600000000001	7.327481109999918e29
1.95139	7.300315156700959e29
1.95472	7.270971492193287e29
1.95805	7.21754617786851e29
1.9613800000000001	7.158161967465793e29
1.96471	7.101891604821055e29
1.96804	7.048561214353344e29
1.97137	7.001924504528733e29
1.9747000000000001	6.962685483904837e29
1.97803	6.922497572037681e29
1.98136	6.883317674242866e29
1.98469	6.858314008412111e29
1.9880200000000001	6.878862068306918e29
1.99135	7.00908552349796e29
1.99468	7.520622467292525e29
1.99801	1.017233512884166e30
2.00134	1.2007963763372826e30
2.00467	7.760081353788602e29
2.008	6.978974623473108e29
2.0113299999999996	6.729643410038886e29
2.0146599999999997	6.616891858599911e29
2.0179899999999997	6.558837659192052e29
2.02132	6.521442928976375e29
2.02465	6.481404072473086e29
2.02798	6.438792787745277e29
2.03131	6.402781284347668e29
2.03464	6.371194367227391e29
2.0379699999999996	6.340943888161812e29
2.0412999999999997	6.312148888284766e29
2.0446299999999997	6.279673198223592e29
2.04796	6.2225354069087325e29
2.05129	6.159878699710259e29
2.05462	6.089518095242501e29
2.05795	5.999642197651337e29
2.06128	5.9291230683574014e29
2.0646099999999996	5.874185767386366e29
2.0679399999999997	5.829893347704355e29
2.0712699999999997	5.7919611219122095e29
2.0745999999999998	5.755554467557643e29
2.07793	5.72364103976134e29
2.08126	5.6932359885744265e29
2.08459	5.664544143151909e29
2.08792	5.637195004099752e29
2.0912499999999996	5.6106922218723625e29
2.0945799999999997	5.5835064298510725e29
2.0979099999999997	5.556886454813717e29
2.1012399999999998	5.531785432944988e29
2.10457	5.5073329979535434e29
2.1079	5.483512764865567e29
2.11123	5.4611256216431886e29
2.11456	5.4388387694088514e29
2.1178899999999996	5.4176273614678045e29
2.1212199999999997	5.3965711013929335e29
2.1245499999999997	5.374463490686576e29
2.1278799999999998	5.354132239416018e29
2.13121	5.333618869985852e29
2.13454	5.312063655856241e29
2.13787	5.2909308921693485e29
2.1412	5.269352666458488e29
2.14453	5.248195456409701e29
2.1478599999999997	5.226725597629044e29
2.1511899999999997	5.204692332445947e29
2.1545199999999998	5.185205470370882e29
2.15785	5.166855135373399e29
2.16118	5.1494640985898524e29
2.16451	5.134105822694128e29
2.16784	5.1198323430560915e29
2.17117	5.106098239274448e29
2.1744999999999997	5.093478251303343e29
2.1778299999999997	5.082655900352457e29
2.1811599999999998	5.05286964914851e29
2.18449	5.023037188757766e29
2.18782	4.995892133095241e29
2.19115	4.9706111288197585e29
2.19448	4.946694740935219e29
2.19781	4.9239536952693815e29
2.2011399999999997	4.9021220801802274e29
2.2044699999999997	4.8805686909812896e29
2.2077999999999998	4.858986059343898e29
2.21113	4.838650945775192e29
2.21446	4.8188801130629994e29
2.21779	4.799439093526268e29
2.22112	4.7805232782307546e29
2.22445	4.761786557681326e29
2.2277799999999996	4.743761972244936e29
2.2311099999999997	4.7260944724447604e29
2.2344399999999998	4.709035941297859e29
2.23777	4.692238497042741e29
2.2411	4.6756311675838694e29
2.24443	4.659201072920876e29
2.24776	4.643244321017584e29
2.25109	4.6273230186115145e29
2.2544199999999996	4.611853396853772e29
2.2577499999999997	4.596728419297132e29
2.2610799999999998	4.58188063065612e29
2.26441	4.5674987151743785e29
2.26774	4.553399881506247e29
2.27107	4.5396400084547994e29
2.2744	4.526438845491342e29
2.27773	4.5136457792712306e29
2.2810599999999996	4.501344109260845e29
2.2843899999999997	4.489514546372573e29
2.2877199999999998	4.478052396248666e29
2.29105	4.467079301058882e29
2.29438	4.456552431205013e29
2.29771	4.4466810162038986e29
2.30104	4.437460077549594e29
2.30437	4.428769484794381e29
2.3076999999999996	4.4208475448474284e29
2.3110299999999997	4.4135208164468095e29
2.3143599999999998	4.4071862863981565e29
2.31769	4.401557364737615e29
2.32102	4.3970019591569e29
2.32435	4.393306990159467e29
2.32768	4.3907323311881354e29
2.33101	4.389061013565964e29
2.3343399999999996	4.388418109954067e29
2.3376699999999997	4.3889786798698146e29
2.3409999999999997	4.390425379232415e29
2.34433	4.39390308112775e29
2.34766	4.399393629343588e29
2.35099	4.406760348348464e29
2.35432	4.414407461080263e29
2.35765	4.422566063090473e29
2.3609799999999996	4.431689755196237e29
2.3643099999999997	4.4425096341226374e29
2.3676399999999997	4.4555879068187514e29
2.37097	4.4723369176654686e29
2.3743	4.4927553064911956e29
2.37763	4.517041236781048e29
2.38096	4.5438065446611495e29
2.38429	4.571844464794859e29
2.3876199999999996	4.600839515783382e29
2.3909499999999997	4.631308720514581e29
2.3942799999999997	4.6643315322681664e29
2.39761	4.703464815255752e29
2.40094	4.749131795138303e29
2.40427	4.8030349204745556e29
2.4076	4.86587458542238e29
2.41093	4.940819445402761e29
2.4142599999999996	5.1713228619888725e29
2.4175899999999997	5.276310695753773e29
2.4209199999999997	5.4023460146141446e29
2.42425	5.552706144098631e29
2.42758	5.735763082605368e29
2.43091	5.955685972329056e29
2.43424	6.185043642075766e29
2.43757	6.405217509396252e29
2.4408999999999996	6.544044864607748e29
2.4442299999999997	6.706187567767889e29
2.4475599999999997	7.09154921406498e29
2.45089	7.941921414958778e29
2.45422	8.074894330423317e29
2.45755	6.84040118705465e29
2.46088	6.136423025804332e29
2.46421	5.673132611551976e29
2.4675399999999996	5.337456225555859e29
2.4708699999999997	5.077910548680418e29
2.4741999999999997	4.869872556484491e29
2.47753	4.697584706535779e29
2.48086	4.554453044387688e29
2.48419	4.43166028756949e29
2.48752	4.324987132648384e29
2.49085	4.2300609926278816e29
2.4941799999999996	4.1463169385632016e29
2.4975099999999997	4.071539349023511e29
2.5008399999999997	4.0031047577582625e29
2.50417	3.941343102253961e29
2.5075	3.8851509556820394e29
2.51083	3.8328631613765905e29
2.51416	3.784673938386082e29
2.51749	3.7409060615079346e29
2.5208199999999996	3.700240307040645e29
2.5241499999999997	3.664363810248843e29
2.5274799999999997	3.6325318061812875e29
2.53081	3.606123050713411e29
2.53414	3.5830839156557244e29
2.53747	3.55551372354264e29
2.5408	3.527081981760912e29
2.54413	3.498432205421814e29
2.5474599999999996	3.4701636084280385e29
2.5507899999999997	3.4433865511023046e29
2.5541199999999997	3.4180510839100624e29
2.55745	3.393901039574114e29
2.56078	3.371425026942135e29
2.56411	3.350362026603875e29
2.56744	3.330856836049561e29
2.57077	3.3117450057949625e29
2.5741	3.2930457111256374e29
2.5774299999999997	3.2727566478437614e29
2.5807599999999997	3.2504571411401834e29
2.5840899999999998	3.229096151758665e29
2.58742	3.209448194029613e29
2.59075	3.192308496709277e29
2.59408	3.178721687290725e29
2.59741	3.1700918287269795e29
2.60074	3.176787904040243e29
2.6040699999999997	3.229857118974327e29
2.6073999999999997	3.451882232273132e29
2.6107299999999998	4.687375275694784e29
2.61406	4.520810454911953e29
2.61739	3.384992170105045e29
2.62072	3.1526579817261626e29
2.62405	3.0724484983658405e29
2.62738	3.034954109108333e29
2.6307099999999997	3.0108072565380724e29
2.6340399999999997	2.991134902672293e29
2.6373699999999998	2.9754273398928738e29
2.6407	2.9619267546107715e29
2.64403	2.949675153848894e29
2.64736	2.9378202527759063e29
2.65069	2.923152432894679e29
2.65402	2.907063648939986e29
2.6573499999999997	2.8903348742364872e29
2.6606799999999997	2.8736042148991238e29
2.6640099999999998	2.858186525252831e29
2.66734	2.843662550123281e29
2.67067	2.828082918083042e29
2.674	2.8164492405559624e29
2.67733	2.8032496947281994e29
2.68066	2.7904017769211912e29
2.6839899999999997	2.777021111531035e29
2.6873199999999997	2.7626114077773922e29
2.6906499999999998	2.7443309807483497e29
2.69398	2.7224146128291022e29
2.69731	2.7016812293866682e29
2.70064	2.6846531220131734e29
2.70397	2.668887925474232e29
2.7073	2.654869979878274e29
2.7106299999999997	2.64132371424512e29
2.7139599999999997	2.6288240636860165e29
2.7172899999999998	2.6166689422372944e29
2.72062	2.6050716984920263e29
2.72395	2.593605534919792e29
2.72728	2.5825727020300943e29
2.73061	2.5720412259975897e29
2.73394	2.5605929548467716e29
2.7372699999999996	2.550316104575193e29
2.7405999999999997	2.5399242162514692e29
2.7439299999999998	2.5296273272050126e29
2.74726	2.5196015204153103e29
2.75059	2.5096641641649634e29
2.75392	2.500217212753327e29
2.75725	2.490734689199922e29
2.76058	2.4809570622629976e29
2.7639099999999996	2.472133209495467e29
2.7672399999999997	2.463116798090932e29
2.7705699999999998	2.453897182663551e29
2.7739	2.4450552929452206e29
2.77723	2.4364654943435547e29
2.78056	2.4271962386631213e29
2.78389	2.4184777499002268e29
2.78722	2.4095633657608637e29
2.7905499999999996	2.4008312493363646e29
2.7938799999999997	2.3918014569070994e29
2.7972099999999998	2.38305082121066e29
2.80054	2.374295407288635e29
2.80387	2.365640321652091e29
2.8072	2.35698038564523e29
2.81053	2.3482680273623117e29
2.81386	2.339817506967573e29
2.8171899999999996	2.3313369850925403e29
2.8205199999999997	2.3229439283721737e29
2.8238499999999997	2.3146010486394482e29
2.82718	2.3061124821150933e29
2.83051	2.2977272158230583e29
2.83384	2.2894683774571573e29
2.83717	2.2809343977716936e29
2.8405	2.2725055026695448e29
2.8438299999999996	2.264317414577069e29
2.8471599999999997	2.2564876627971392e29
2.8504899999999997	2.2489781904063297e29
2.85382	2.2418947116169584e29
2.85715	2.2353093253079703e29
2.86048	2.2289994234489093e29
2.86381	2.222752442011126e29
2.86714	2.216055867528293e29
2.8704699999999996	2.2110411220742085e29
2.8737999999999997	2.2047817866860664e29
2.8771299999999997	2.1955419368488113e29
2.88046	2.183418114062102e29
2.88379	2.171463533902792e29
2.88712	2.160068700484713e29
2.89045	2.1492861383957774e29
2.89378	2.138900373328502e29
2.8971099999999996	2.128585971062238e29
2.9004399999999997	2.1185479241524612e29
2.9037699999999997	2.1087180135271326e29
2.9071	2.0989540904232535e29
2.91043	2.089404437775803e29
2.91376	2.0799267316525118e29
2.91709	2.0706690658691258e29
2.92042	2.0616073006277454e29
2.9237499999999996	2.0525794011044536e29
2.9270799999999997	2.043821986178808e29
2.9304099999999997	2.0352468360239265e29
2.93374	2.026508072878615e29
2.93707	2.017727948032448e29
2.9404	2.009004203412253e29
2.94373	2.0001538055566344e29
2.94706	1.991364298968206e29
2.9503899999999996	1.9826429227417774e29
2.9537199999999997	1.973937880114272e29
2.9570499999999997	1.965264872702912e29
2.96038	1.9566091170331902e29
2.96371	1.947985772576559e29
2.96704	1.9394014006187343e29
2.97037	1.930908479959921e29
2.9737	1.9224723841140296e29
2.9770299999999996	1.9140913995320268e29
2.9803599999999997	1.9057538233386725e29
2.9836899999999997	1.8974588405722264e29
2.98702	1.8892121820732443e29
2.99035	1.8810198776850845e29
2.99368	1.8728903970498195e29
2.99701	1.864829946038827e29
3.00034	1.8568406698617678e29
3.00367	1.8488420510819347e29
3.0069999999999997	1.8408915784926162e29
3.0103299999999997	1.8329473639835008e29
3.01366	1.825067460616294e29
3.01699	1.8172451964593137e29
3.02032	1.8094802463217698e29
3.02365	1.8017249204163428e29
3.02698	1.7939330707792806e29
3.03031	1.786191742211286e29
3.0336399999999997	1.778478808118345e29
3.0369699999999997	1.7708442971924323e29
3.0403	1.7632969511764136e29
3.04363	1.75575193251436e29
3.04696	1.7481912424356872e29
3.05029	1.740657588591044e29
3.05362	1.7330667936550553e29
3.05695	1.7255233083550804e29
3.0602799999999997	1.718048446913671e29
3.0636099999999997	1.7106825314987974e29
3.0669399999999998	1.7034578730551085e29
3.07027	1.6963326668013575e29
3.0736	1.689063093812508e29
3.07693	1.6815757474604754e29
3.08026	1.6738951311993497e29
3.08359	1.666105215000098e29
3.0869199999999997	1.6583330917613526e29
3.0902499999999997	1.6506097099212886e29
3.0935799999999998	1.643063859787891e29
3.09691	1.6357530088932756e29
3.10024	1.628644977564326e29
3.10357	1.621724417994989e29
3.1069	1.6149242348651613e29
3.11023	1.608218840680671e29
3.1135599999999997	1.6015361409208805e29
3.1168899999999997	1.5947527401864884e29
3.1202199999999998	1.5878253787360916e29
3.12355	1.5806369096380422e29
3.12688	1.5734278396982564e29
3.13021	1.5663952595609841e29
3.13354	1.5593997651463004e29
3.13687	1.5524869348941892e29
3.1401999999999997	1.5456503490992722e29
3.1435299999999997	1.5388380871578996e29
3.1468599999999998	1.5320478339107125e29
3.15019	1.525235369528493e29
3.15352	1.51844980056666e29
3.15685	1.511709160381546e29
3.16018	1.5049897152186192e29
3.16351	1.4983449356845465e29
3.1668399999999997	1.4917676844653165e29
3.1701699999999997	1.485217765389253e29
3.1734999999999998	1.4787245001295393e29
3.17683	1.4722841545282437e29
3.18016	1.46593722806484e29
3.18349	1.4595132324089057e29
3.18682	1.4531481006450416e29
3.19015	1.4707250784463155e29
3.1934799999999997	1.4642875913729196e29
3.1968099999999997	1.457869511663963e29
3.2001399999999998	1.4514849101916791e29
3.20347	1.4451510030389723e29
3.2068	1.4388072192428287e29
3.21013	1.4325283195111732e29
3.21346	1.426262120080227e29
3.21679	1.4200270653846152e29
3.2201199999999996	1.413821879376441e29
3.2234499999999997	1.4076549707515378e29
3.2267799999999998	1.401510257153152e29
3.23011	1.3953858321787446e29
3.23344	1.3893127332658718e29
3.23677	1.3832674298419273e29
3.2401	1.377221550528107e29
3.24343	1.3712025421105746e29
3.2467599999999996	1.3652107372081249e29
3.2500899999999997	1.3592715651995487e29
3.2534199999999998	1.3533468266714666e29
3.25675	1.347452013241984e29
3.26008	1.3415697168301877e29
3.26341	1.335721475746495e29
3.26674	1.329917531844196e29
3.27007	1.3241364851379736e29
3.2733999999999996	1.3183970439305226e29
3.2767299999999997	1.3126802982713006e29
3.2800599999999998	1.3069873615728678e29
3.28339	1.3012955026528004e29
3.28672	1.2955477022131439e29
3.29005	1.2899239734202754e29
3.29338	1.284336257955333e29
3.29671	1.278773840508111e29
3.3000399999999996	1.273236517070967e29
3.3033699999999997	1.2677143745604556e29
3.3066999999999998	1.2622311640004105e29
3.31003	1.256755722703837e29
3.31336	1.2513268375968526e29
3.31669	1.2459086993591185e29
3.32002	1.240516505790176e29
3.32335	1.2351485991551445e29
3.3266799999999996	1.2297962865902494e29
3.3300099999999997	1.2244611342922602e29
3.3333399999999997	1.2191454496123594e29
3.33667	1.2138585640387897e29
3.34	1.2085919426101396e29
3.34333	1.2032780274169097e29
3.34666	1.1980433013656535e29
3.34999	1.1928436141555059e29
3.3533199999999996	1.1876484799906936e29
3.3566499999999997	1.182493186225946e29
3.3599799999999997	1.1773781025768996e29
3.36331	1.1722728444187056e29
3.36664	1.1671620952591643e29
3.36997	1.1620467340523949e29
3.3733	1.1570463587904788e29
3.37663	1.152045863215969e29
3.3799599999999996	1.1470691402514733e29
3.3832899999999997	1.1420655245472621e29
3.3866199999999997	1.1371545040956246e29
3.38995	1.1321682207585427e29
3.39328	1.1272967658864516e29
3.39661	1.1224376962436329e29
3.39994	1.1176032765272775e29
3.40327	1.112808275490041e29
3.4065999999999996	1.1080075915029099e29
3.4099299999999997	1.1032555959724157e29
3.4132599999999997	1.098509142269517e29
3.41659	1.0937913973661001e29
3.41992	1.0891040370941106e29
3.42325	1.084441003321833e29
3.42658	1.0797888407433389e29
3.42991	1.0751655544589054e29
3.43324	1.0705703185490251e29
3.4365699999999997	1.0660112889654788e29
3.4398999999999997	1.0614476669033574e29
3.44323	1.0569153663196517e29
3.44656	1.0524083461725022e29
3.44989	1.0479194517821676e29
3.45322	1.0434577471105743e29
3.45655	1.039039499683368e29
3.45988	1.034620344575496e29
3.4632099999999997	1.0302147432997668e29
3.4665399999999997	1.0258267103329162e29
3.46987	1.0214505424982422e29
3.4732	1.0171001616472984e29
3.47653	1.012763992739474e29
3.47986	1.0084461906922183e29
3.48319	1.0041490289242086e29
3.48652	9.998653604597163e28
3.4898499999999997	9.956000539478927e28
3.4931799999999997	9.913461118408258e28
3.49651	9.871030462799752e28
3.49984	9.828899493994604e28
3.50317	9.787044079041681e28
3.5065	9.745516854607814e28
3.50983	9.704130929054001e28
3.51316	9.662956435848123e28
3.5164899999999997	9.622011617629905e28
3.5198199999999997	9.581037827242397e28
3.52315	9.54045753167791e28
3.52648	9.500050621000255e28
3.52981	9.459884213601975e28
3.53314	9.419607014890327e28
3.53647	9.379592796780001e28
3.5398	9.339965620240689e28
3.5431299999999997	9.300378993448916e28
3.5464599999999997	9.260928965067854e28
3.54979	9.221697491375072e28
3.55312	9.18261732404796e28
3.55645	9.143688841030087e28
3.55978	9.1050640616093e28
3.56311	9.066447637250702e28
3.56644	9.028163397001834e28
3.5697699999999997	8.989898121604374e28
3.5730999999999997	8.95187345273956e28
3.5764299999999998	8.91402878113892e28
3.57976	8.876153013837107e28
3.58309	8.83851360897925e28
3.58642	8.801104994085556e28
3.58975	8.763944590899153e28
3.59308	8.726897046272294e28
3.5964099999999997	8.690008141632422e28
3.5997399999999997	8.653351575053487e28
3.6030699999999998	8.616755938146123e28
3.6064	8.580516212442054e28
3.60973	8.54438532438965e28
3.61306	8.508639518617691e28
3.61639	8.473092035809848e28
3.61972	8.437563045176967e28
3.6230499999999997	8.402344194690584e28
3.6263799999999997	8.36691082765401e28
3.6297099999999998	8.331880137864718e28
3.63304	8.296984126667294e28
3.63637	8.262433120546594e28
3.6397	8.227845255637711e28
3.64303	8.19340527512919e28
3.64636	8.159267058843128e28
3.6496899999999997	8.125236994207503e28
3.6530199999999997	8.091256060365424e28
3.6563499999999998	8.057435497705686e28
3.65968	8.023830721358586e28
3.66301	7.99042063705753e28
3.66634	7.957012912059926e28
3.66967	7.923778510584148e28
3.673	7.890624370884581e28
3.6763299999999997	7.857600686601429e28
3.6796599999999997	7.8247905777973424e28
3.6829899999999998	7.792149783538605e28
3.68632	7.759637719138624e28
3.68965	7.727291097026333e28
3.69298	7.695196260120722e28
3.69631	7.66315866325791e28
3.69964	7.631297525594056e28
3.7029699999999997	7.599495035347249e28
3.7062999999999997	7.567875784840517e28
3.7096299999999998	7.5363889318665585e28
3.71296	7.504889929764312e28
3.71629	7.473598738486055e28
3.71962	7.442408171230921e28
3.72295	7.411425549539092e28
3.72628	7.3804377067575505e28
3.7296099999999996	7.349665916972348e28
3.7329399999999997	7.318804412733928e28
3.7362699999999998	7.288412925099758e28
3.7396	7.258208258757013e28
3.74293	7.228201437729407e28
3.74626	7.198315480114617e28
3.74959	7.168531790778829e28
3.75292	7.138899783986729e28
3.7562499999999996	7.1093481092719225e28
3.7595799999999997	7.080037236994428e28
3.7629099999999998	7.050790525023066e28
3.76624	7.021666519634963e28
3.76957	6.992683915799656e28
3.7729	6.963829979905755e28
3.77623	6.935094983939066e28
3.77956	6.906445727760484e28
3.7828899999999996	6.8779708606868285e28
3.7862199999999997	6.849597272806598e28
3.7895499999999998	6.821390362998327e28
3.79288	6.793263849037897e28
3.79621	6.765273936407435e28
3.79954	6.737478822669667e28
3.80287	6.7097614264983465e28
3.8062	6.682201751334824e28
3.8095299999999996	6.654706176714268e28
3.8128599999999997	6.6273508795306555e28
3.8161899999999997	6.600171054916679e28
3.81952	6.572982149759098e28
3.82285	6.545972680612205e28
3.82618	6.51910459282727e28
3.82951	6.49232487241332e28
3.83284	6.465651898765343e28
3.8361699999999996	6.439147511355679e28
3.8394999999999997	6.4128058697106235e28
3.8428299999999997	6.386544732469779e28
3.84616	6.360381229739517e28
3.84949	6.334322772660509e28
3.85282	6.308427452784644e28
3.85615	6.282578433169967e28
3.85948	6.256818624042264e28
3.86281	6.2311208260954e28
3.8661399999999997	6.205558363875388e28
3.8694699999999997	6.1801530366593065e28
3.8728	6.154842435260477e28
3.87613	6.1296178467719645e28
3.87946	6.104503621787943e28
3.88279	6.0794555859576944e28
3.88612	6.054471210533535e28
3.88945	6.029590359566775e28
3.8927799999999997	6.00476746739323e28
3.8961099999999997	5.980121475609166e28
3.89944	5.9556324071377145e28
3.90277	5.931265589099918e28
3.9061	5.90704053772009e28
3.90943	5.882907863386853e28
3.91276	5.858910816178213e28
3.91609	5.835027028034725e28
3.9194199999999997	5.811276037197318e28
3.9227499999999997	5.78765937258326e28
3.92608	5.764096875485795e28
3.92941	5.740620297035144e28
3.93274	5.717270525279524e28
3.93607	5.6939875744778905e28
3.9394	5.670820033012942e28
3.94273	5.647722172002065e28
3.9460599999999997	5.624695117597889e28
3.9493899999999997	5.601754258873528e28
3.95272	5.578931781702026e28
3.95605	5.5562442273517e28
3.95938	5.533669476515315e28
3.96271	5.51121190733686e28
3.96604	5.4888693699767764e28
3.96937	5.466638477523287e28
3.9726999999999997	5.444489525941903e28
3.9760299999999997	5.422435101777592e28
3.97936	5.400488404355307e28
3.98269	5.378638271160334e28
3.98602	5.356853255759606e28
3.98935	5.335193594025152e28
3.99268	5.313622662641701e28
3.99601	5.292132426340342e28
3.9993399999999997	5.270715937394526e28
4.00267	5.249411171423303e28
4.006	5.228159454112749e28
4.00933	5.206995647334531e28
4.0126599999999994	5.18589776778097e28
4.0159899999999995	5.1648512494054976e28
4.01932	5.143974211213247e28
4.02265	5.123168130944006e28
4.02598	5.102492028116093e28
4.02931	5.080183542867524e28
4.03264	5.059665884986708e28
4.03597	5.039202340847233e28
4.0393	5.018835420487569e28
4.04263	4.998515174391328e28
4.04596	4.978280647264755e28
4.04929	4.9580823328937405e28
4.05262	4.938004892513327e28
4.05595	4.917997655227435e28
4.05928	4.898083201217272e28
4.06261	4.878234489136849e28
4.065939999999999	4.858525320064712e28
4.0692699999999995	4.838882667161722e28
4.0725999999999996	4.819295540221382e28
4.07593	4.7998449301495085e28
4.07926	4.78046848056825e28
4.08259	4.761175160658422e28
4.08592	4.741993691057603e28
4.08925	4.722885552653005e28
4.09258	4.703844043682971e28
4.09591	4.68493800280799e28
4.09924	4.666078025006896e28
4.10257	4.64727889642963e28
4.1059	4.628567939753223e28
4.10923	4.609962491238466e28
4.11256	4.591454387586636e28
4.11589	4.573030032615722e28
4.119219999999999	4.554668707278235e28
4.1225499999999995	4.5363933138283165e28
4.1258799999999995	4.518242555991922e28
4.12921	4.500192653435795e28
4.13254	4.48221954035742e28
4.13587	4.464320618172056e28
4.1392	4.4465032882303705e28
4.14253	4.428744397649969e28
4.14586	4.411028520585646e28
4.14919	4.393417209891834e28
4.15252	4.375895212942026e28
4.15585	4.358474894631274e28
4.15918	4.3411084685268915e28
4.16251	4.323828511377546e28
4.16584	4.306603869341114e28
4.16917	4.289450009681648e28
4.172499999999999	4.272341002201782e28
4.1758299999999995	4.255319492850551e28
4.1791599999999995	4.238383798621595e28
4.18249	4.221543070325347e28
4.18582	4.2047544119138095e28
4.18915	4.1880187738482065e28
4.19248	4.171345065715004e28
4.19581	4.154751654011692e28
4.19914	4.138213867519987e28
4.20247	4.121735888459364e28
4.2058	4.105325915667774e28
4.20913	4.088973465297788e28
4.21246	4.072683862157436e28
4.21579	4.056450005723772e28
4.21912	4.040297974725554e28
4.22245	4.02420812185881e28
4.225779999999999	4.008172509492278e28
4.2291099999999995	3.992210969441113e28
4.2324399999999995	3.976323066834078e28
4.23577	3.9604936217355974e28
4.2391	3.9448450504163602e28
4.24243	3.9291704498227127e28
4.24576	3.9135637103897028e28
4.24909	3.898014536062023e28
4.25242	3.8821483816868777e28
4.25575	3.866792296301334e28
4.25908	3.8515050870802685e28
4.26241	3.836292055748391e28
4.26574	3.8211496000566477e28
4.26907	3.8060448346947874e28
4.2724	3.791009540788816e28
4.27573	3.776045576437644e28
4.27906	3.76113242398906e28
4.2823899999999995	3.746298359021742e28
4.2857199999999995	3.7315116808019033e28
4.28905	3.7168099861771357e28
4.29238	3.7021697159175647e28
4.29571	3.6875984894546536e28
4.29904	3.6730859401223464e28
4.30237	3.658653499578933e28
4.3057	3.6442742887958248e28
4.30903	3.629931086921841e28
4.31236	3.6156479362826498e28
4.31569	3.6014118656251697e28
4.31902	3.587210359505292e28
4.32235	3.5730587195065094e28
4.32568	3.558980657730103e28
4.32901	3.5449532623389663e28
4.33234	3.530987287140795e28
4.3356699999999995	3.5170866861367897e28
4.3389999999999995	3.503238342730359e28
4.34233	3.489450594234018e28
4.34566	3.475724653527583e28
4.34899	3.462142788705196e28
4.35232	3.44855195055766e28
4.35565	3.435008578762023e28
4.35898	3.421544987345299e28
4.36231	3.408135734190985e28
4.36564	3.3947745657907683e28
4.36897	3.381471964379148e28
4.3723	3.368216088619252e28
4.37563	3.355005057239554e28
4.37896	3.341847545981507e28
4.38229	3.3287516606785185e28
4.38562	3.3157202379876944e28
4.3889499999999995	3.302743425197311e28
4.3922799999999995	3.2898283161677864e28
4.39561	3.2769680770239373e28
4.39894	3.2641787631918916e28
4.40227	3.251449979013498e28
4.4056	3.2387578020538746e28
4.40893	3.226098516020243e28
4.41226	3.2134982021823128e28
4.41559	3.2009468805184964e28
4.41892	3.18844504734476e28
4.42225	3.175987127262867e28
4.42558	3.163563600666482e28
4.42891	3.1511983041552563e28
4.43224	3.138889156107373e28
4.43557	3.126614422674428e28
4.4389	3.1143973229046567e28
4.4422299999999995	3.102239616251139e28
4.4455599999999995	3.090119406605443e28
4.44889	3.0780463872067492e28
4.45222	3.066019314761906e28
4.45555	3.0540633253480884e28
4.45888	3.042167446830522e28
4.46221	3.0303388758190382e28
4.46554	3.018564469896839e28
4.46887	3.0068424496030204e28
4.4722	2.9951692472844267e28
4.47553	2.9835538331235693e28
4.47886	2.9719922100692135e28
4.48219	2.960476274253088e28
4.48552	2.948991474745258e28
4.48885	2.9375446053445803e28
4.49218	2.926133266492093e28
4.4955099999999995	2.9147646325306303e28
4.4988399999999995	2.9034317237372566e28
4.50217	2.8921363681593946e28
4.5055	2.8808893917877545e28
4.50883	2.8696954005370287e28
4.51216	2.8585460364506953e28
4.51549	2.8474315993837177e28
4.51882	2.8363813837381484e28
4.52215	2.825369167727043e28
4.52548	2.814396102012398e28
4.52881	2.803463178771643e28
4.53214	2.792586241214781e28
4.53547	2.781752586777662e28
4.5388	2.770962838113202e28
4.54213	2.760217654733558e28
4.54546	2.7495194174873527e28
4.5487899999999994	2.738868362763688e28
4.5521199999999995	2.7282588372296433e28
4.5554499999999996	2.7176939171085814e28
4.55878	2.70717362225647e28
4.56211	2.6961815676464955e28
4.56544	2.6858262840289483e28
4.56877	2.675528744811563e28
4.5721	2.6652655765010723e28
4.57543	2.655037023180363e28
4.57876	2.6448712053469593e28
4.58209	2.6347457339162488e28
4.58542	2.6246497859735885e28
4.58875	2.6145941371337014e28
4.59208	2.6045871798336903e28
4.59541	2.594627814551125e28
4.59874	2.58469357981788e28
4.602069999999999	2.574785669239679e28
4.6053999999999995	2.5649106473614035e28
4.6087299999999995	2.5550608441521158e28
4.61206	2.5452410262031564e28
4.61539	2.5354590480173255e28
4.61872	2.525710341146803e28
4.62205	2.5159972775899054e28
4.62538	2.5063123619115204e28
4.62871	2.496659887277467e28
4.63204	2.4869461068081714e28
4.63537	2.4773933252077566e28
4.6387	2.467873720804602e28
4.64203	2.458387959073893e28
4.64536	2.448964950513934e28
4.64869	2.4395758895934327e28
4.65202	2.4302283538038943e28
4.655349999999999	2.4209318359100063e28
4.6586799999999995	2.41168393826326e28
4.6620099999999995	2.4024778480917344e28
4.66534	2.3933094217961333e28
4.66867	2.3841735179916363e28
4.672	2.3750734964275274e28
4.67533	2.3660137451125367e28
4.67866	2.3569838869820764e28
4.68199	2.3479844364386485e28
4.68532	2.3389882136629103e28
4.68865	2.330068977124618e28
4.69198	2.3211761590568794e28
4.69531	2.312320916307703e28
4.69864	2.3034991448534956e28
4.70197	2.294709333154117e28
4.7053	2.2859522893742667e28
4.70863	2.2772293292681097e28
4.7119599999999995	2.2685427886453966e28
4.7152899999999995	2.2598918432079812e28
4.71862	2.2512724427877663e28
4.72195	2.2426912425538213e28
4.72528	2.2341432989483737e28
4.72861	2.22562631238186e28
4.73194	2.2171489287140906e28
4.73527	2.208702963516156e28
4.7386	2.2002885592562304e28
4.74193	2.191908632838707e28
4.74526	2.1835680797352443e28
4.74859	2.1752598919358913e28
4.75192	2.166984859338119e28
4.75525	2.1587435730113077e28
4.75858	2.150543332184839e28
4.76191	2.1423751116690077e28
4.7652399999999995	2.134233611195594e28
4.7685699999999995	2.1261171864190773e28
4.7719	2.1180279958658714e28
4.77523	2.109970841334522e28
4.77856	2.1019516363876906e28
4.78189	2.093974332356825e28
4.78522	2.08604124199529e28
4.78855	2.0781387905130234e28
4.79188	2.0702598341183344e28
4.79521	2.062364944168296e28
4.79854	2.0545572480814666e28
4.80187	2.046781766134362e28
4.8052	2.0390409690476906e28
4.80853	2.031322828843479e28
4.81186	2.023633885934748e28
4.81519	2.0158901971844e28
4.8185199999999995	2.0082392379257053e28
4.8218499999999995	2.0006937193957555e28
4.82518	1.993178823163666e28
4.82851	1.9856956815149872e28
4.83184	1.978233323110085e28
4.83517	1.970756997412732e28
4.8385	1.9632271428778078e28
4.84183	1.9558782340154607e28
4.84516	1.948560226596652e28
4.84849	1.9412745774842509e28
4.85182	1.934012497689789e28
4.85515	1.926451194524699e28
4.85848	1.9192040672245095e28
4.86181	1.9120297628483608e28
4.86514	1.904876261797433e28
4.86847	1.897732642422168e28
4.8717999999999995	1.8906381907179177e28
4.8751299999999995	1.8835750862697845e28
4.87846	1.8765317614188099e28
4.88179	1.8695089880848996e28
4.88512	1.8625116944923224e28
4.88845	1.855332599503129e28
4.89178	1.8483897221593226e28
4.89511	1.8414716809017797e28
4.89844	1.8345789967260413e28
4.90177	1.8277064795931505e28
4.9051	1.8208528283580654e28
4.90843	1.8140244553641278e28
4.91176	1.8072211510120576e28
4.91509	1.800445785300988e28
4.91842	1.7936975405509624e28
4.92175	1.7869751900730058e28
4.9250799999999995	1.7802762635385587e28
4.9284099999999995	1.773600531886374e28
4.93174	1.7669471934865068e28
4.93507	1.7603190111407898e28
4.9384	1.753718883422842e28
4.94173	1.7471596360277134e28
4.94506	1.7406299931792886e28
4.94839	1.7341346146054935e28
4.95172	1.7276707249083785e28
4.95505	1.7212314358729587e28
4.95838	1.7148181285039692e28
4.96171	1.7084354936410612e28
4.96504	1.7020784774307857e28
4.96837	1.6957466672164762e28
4.9717	1.6894398904273583e28
4.97503	1.683157295858962e28
4.9783599999999995	1.6769043149663753e28
4.9816899999999995	1.6706760612119658e28
4.98502	1.6644759738588075e28
4.98835	1.6583023547689031e28
4.99168	1.652151172477697e28
4.99501	1.6460275343092457e28
4.99834	1.6399213246800176e28
5.00167	1.6338375121271327e28
5.005	1.6277826511057612e28
5.00833	1.6217466807105505e28
5.01166	1.6157423699068231e28
5.01499	1.6097654393441327e28
5.01832	1.6038286114886604e28
5.02165	1.597924885243065e28
5.02498	1.5920446569577825e28
5.02831	1.5861845571711266e28
5.0316399999999994	1.5803574557226498e28
5.0349699999999995	1.5745519725375043e28
5.0383	1.5687713575982107e28
5.04163	1.5630097203463393e28
5.04496	1.5572683904749863e28
5.04829	1.5515472756719346e28
5.05162	1.545844421097085e28
5.05495	1.5401666293828411e28
5.05828	1.5345084255602526e28
5.06161	1.5288673783621917e28
5.06494	1.5232468273132258e28
5.06827	1.5176440511477738e28
5.0716	1.5120585561297972e28
5.07493	1.5063731322711874e28
5.07826	1.5008507954067528e28
5.08159	1.4953507816014593e28
5.084919999999999	1.4898693316111683e28
5.0882499999999995	1.484408215507305e28
5.0915799999999996	1.478974669298141e28
5.09491	1.4735627909435726e28
5.09824	1.46817499911243e28
5.10157	1.4628074042404188e28
5.1049	1.4574554666363233e28
5.10823	1.4521214298507929e28
5.11156	1.4468115998199352e28
5.11489	1.4415223262029821e28
5.11822	1.4362529894634145e28
5.12155	1.4310027216325312e28
5.12488	1.425772584988989e28
5.12821	1.4205644317938088e28
5.13154	1.4153739508048442e28
5.13487	1.4102003048506678e28
5.1382	1.4050436162343623e28
5.1415299999999995	1.3999046990686629e28
5.1448599999999995	1.3947828420929891e28
5.14819	1.3896804023712952e28
5.15152	1.384596185066161e28
5.15485	1.3795273896290597e28
5.15818	1.3744840827332372e28
5.16151	1.369464773499172e28
5.16484	1.3644641883699779e28
5.16817	1.359484711294752e28
5.1715	1.3545254224764776e28
5.17483	1.3495852759602526e28
5.17816	1.3446729402968556e28
5.18149	1.339787004213295e28
5.18482	1.334923949964414e28
5.18815	1.3300831148604225e28
5.19148	1.3252607403473056e28
5.1948099999999995	1.3204589590500926e28
5.1981399999999995	1.315672476953037e28
5.20147	1.310907539103468e28
5.2048	1.306163097580004e28
5.20813	1.301444487676275e28
5.21146	1.296746676438403e28
5.21479	1.292079636930843e28
5.21812	1.287432704001324e28
5.22145	1.2828026932618786e28
5.22478	1.2781952163100269e28
5.22811	1.2736227193785663e28
5.23144	1.269066956480652e28
5.23477	1.2645316880272304e28
5.2381	1.2600123222449265e28
5.24143	1.2555131465031397e28
5.24476	1.2510287424736762e28
5.2480899999999995	1.2465610145322219e28
5.2514199999999995	1.2421142875237876e28
5.25475	1.2376819010052958e28
5.25808	1.2332661095252765e28
5.26141	1.2288656055048737e28
5.26474	1.2244812903720193e28
5.26807	1.220113580550109e28
5.2714	1.2157597418971737e28
5.27473	1.2114186050851306e28
5.27806	1.207097031106189e28
5.28139	1.2027965029263266e28
5.28472	1.1985132021195727e28
5.28805	1.1942428464466128e28
5.29138	1.1899844910413117e28
5.29471	1.185742728705286e28
5.29804	1.1815212710988864e28
5.3013699999999995	1.1773178350334221e28
5.3046999999999995	1.1731292479139314e28
5.30803	1.1689558979043597e28
5.31136	1.164794792611303e28
5.31469	1.1606478822542132e28
5.31802	1.156519135625289e28
5.32135	1.1524057888248453e28
5.32468	1.1483034172856418e28
5.32801	1.1442188764382212e28
5.33134	1.1401506352855962e28
5.33467	1.1361024670182657e28
5.338	1.1320759233272561e28
5.34133	1.1280671394781614e28
5.34466	1.124071536696945e28
5.34799	1.1200936215370482e28
5.35132	1.1161356853338815e28
5.3546499999999995	1.1121900979787528e28
5.3579799999999995	1.108261516943282e28
5.36131	1.1043522762077697e28
5.36464	1.1004574768265445e28
5.36797	1.0965775738290051e28
5.3713	1.0927160053439831e28
5.37463	1.0888672617726602e28
5.37796	1.0850331074861933e28
5.38129	1.0812216715610503e28
5.38462	1.0774344505222916e28
5.38795	1.0736640194673906e28
5.39128	1.0699095602125525e28
5.39461	1.0661696826858888e28
5.39794	1.062451613480841e28
5.40127	1.058749836576326e28
5.4046	1.0550669480755897e28
5.4079299999999995	1.051398923467076e28
5.4112599999999995	1.047744890353894e28
5.41459	1.0441011120038668e28
5.41792	1.0404722273974342e28
5.42125	1.03687144734474e28
5.42458	1.0332866871235318e28
5.42791	1.0297235804714765e28
5.43124	1.0261789006958627e28
5.43457	1.0226566897585086e28
5.4379	1.0191536341868347e28
5.44123	1.015666084729324e28
5.44456	1.012190542226394e28
5.44789	1.0087270488588474e28
5.45122	1.0052736630721942e28
5.45455	1.0018326421893977e28
5.45788	9.98404878386679e27
5.4612099999999995	9.94995298205902e27
5.4645399999999995	9.915981069806798e27
5.46787	9.882201381609409e27
5.4712	9.848532192189645e27
5.47453	9.815021484810694e27
5.47786	9.781642737712954e27
5.48119	9.748367265717253e27
5.48452	9.715187412292863e27
5.48785	9.682132504558981e27
5.49118	9.649210064514998e27
5.49451	9.616413850424088e27
5.49784	9.583787535135425e27
5.50117	9.55130014228224e27
5.5045	9.518911776038937e27
5.50783	9.486644405499874e27
5.51116	9.454509308175712e27
5.5144899999999994	9.42249998667259e27
5.5178199999999995	9.390582455083005e27
5.52115	9.358784043736858e27
5.52448	9.327165871218526e27
5.52781	9.295656925256384e27
5.53114	9.264301248224844e27
5.53447	9.233067316785213e27
5.5378	9.201950376027394e27
5.54113	9.170950893665124e27
5.54446	9.140069874492493e27
5.54779	9.109331414282089e27
5.55112	9.076661749794394e27
5.55445	9.046294320869447e27
5.55778	9.016045943016484e27
5.56111	8.985982494858215e27
5.56444	8.956074145296478e27
5.56777	8.926303139587483e27
5.5710999999999995	8.896640481079758e27
5.5744299999999996	8.867082985833738e27
5.57776	8.837623104592029e27
5.58109	8.808306306977904e27
5.58442	8.779127156989033e27
5.58775	8.750123872827182e27
5.59108	8.720956696881912e27
5.59441	8.692260044549028e27
5.59774	8.663667121166782e27
5.60107	8.63521366560813e27
5.6044	8.606891147248365e27
5.60773	8.578678269362321e27
5.61106	8.550592838054672e27
5.61439	8.522627949501762e27
5.61772	8.494821209221661e27
5.62105	8.467119498103421e27
5.6243799999999995	8.439561341001111e27
5.6277099999999995	8.412147773919872e27
5.63104	8.384933462267548e27
5.63437	8.357866729772186e27
5.6377	8.331035093516027e27
5.64103	8.304398678765107e27
5.64436	8.27792240273025e27
5.64769	8.251558403077532e27
5.65102	8.225350952254594e27
5.65435	8.199302993932519e27
5.65768	8.173324450642436e27
5.66101	8.110203229077671e27
5.66434	8.084688867751995e27
5.66767	8.059316292903837e27
5.671	8.034035895221921e27
5.67433	8.008872563694606e27
5.6776599999999995	7.983816375331107e27
5.6809899999999995	7.958867609568151e27
5.68432	7.934024943484418e27
5.68765	7.909296281068748e27
5.69098	7.884702800928725e27
5.69431	7.860209386898336e27
5.69764	7.835795699449969e27
5.70097	7.811531596999665e27
5.7043	7.787410667738411e27
5.70763	7.763380825094727e27
5.71096	7.739417072283619e27
5.71429	7.715576857294366e27
5.71762	7.69183421852274e27
5.72095	7.668179305087905e27
5.72428	7.644654798318974e27
5.72761	7.62128217663273e27
5.7309399999999995	7.598002543431812e27
5.7342699999999995	7.57480776998965e27
5.7376	7.551687355966463e27
5.74093	7.528744402197577e27
5.74426	7.505945443447274e27
5.74759	7.483213128223253e27
5.75092	7.460619290949289e27
5.75425	7.438134230836386e27
5.75758	7.415747900131986e27
5.76091	7.393519753183674e27
5.76424	7.371467205843387e27
5.76757	7.349501113775481e27
5.7709	7.327652980713384e27
5.77423	7.305929630657644e27
5.77756	7.28429409197049e27
5.78089	7.262743409774985e27
5.7842199999999995	7.241371386908285e27
5.7875499999999995	7.220185319175353e27
5.79088	7.199092851304554e27
5.79421	7.17809972398394e27
5.79754	7.157179950156747e27
5.80087	7.13636565041038e27
5.8042	7.115750195514718e27
5.80753	7.095249167609752e27
5.81086	7.074860585323387e27
5.81419	7.054562537483529e27
5.81752	7.034435134774381e27
5.82085	7.014438711933579e27
5.82418	6.994553772262737e27
5.82751	6.97480442858007e27
5.83084	6.955141425117098e27
5.83417	6.935631629425547e27
5.8374999999999995	6.916235329401701e27
5.8408299999999995	6.897046891932731e27
5.84416	6.877937664902644e27
5.84749	6.859043846626694e27
5.85082	6.84027399535149e27
5.85415	6.821603385900395e27
5.85748	6.803071202693577e27
5.86081	6.784693637087574e27
5.86414	6.766462383647204e27
5.86747	6.748388503171479e27
5.8708	6.730430506361612e27
5.87413	6.71269351164824e27
5.87746	6.695060121681375e27
5.88079	6.67757160352502e27
5.88412	6.66024775200778e27
5.88745	6.643083428041884e27
5.8907799999999995	6.626026936137622e27
5.8941099999999995	6.609156461153013e27
5.89744	6.59242838392602e27
5.90077	6.575853296707331e27
5.9041	6.559339328275352e27
5.90743	6.542988427349462e27
5.91076	6.526740058497165e27
5.91409	6.510695413398275e27
5.91742	6.494708710099361e27
5.92075	6.478849459848622e27
5.92408	6.463170425331542e27
5.92741	6.447534245990395e27
5.93074	6.431986896169284e27
5.93407	6.416670338216129e27
5.9374	6.401539785431973e27
5.94073	6.386465826087131e27
5.9440599999999995	6.371516751047629e27
5.9473899999999995	6.356732913951393e27
5.95072	6.342117742798471e27
5.95405	6.327613835656873e27
5.95738	6.313208731259736e27
5.96071	6.299017577029843e27
5.96404	6.284948775638039e27
5.96737	6.27102459542362e27
5.9707	6.257224324315093e27
5.97403	6.243580518270954e27
5.97736	6.230078214574271e27
5.98069	6.216723660694877e27
5.98402	6.203506474493129e27
5.98735	6.190458253373704e27
5.99068	6.177532887397738e27
5.99401	6.164791038998382e27
5.99734	6.152180595557582e27
6.0006699999999995	6.139822313670088e27
6.004	6.127524297704496e27
6.00733	6.11537499363326e27
6.01066	6.10345025318034e27
6.01399	6.091636321145909e27
6.01732	6.080042777008765e27
6.02065	6.068640849181217e27
6.02398	6.057410011471034e27
6.02731	6.046346214957608e27
6.03064	6.035439194417615e27
6.03397	6.024644644214917e27
6.0373	6.014101300602301e27
6.04063	6.003677782728586e27
6.04396	5.993017636606924e27
6.04729	5.983129727867513e27
6.05062	5.97339040615994e27
6.0539499999999995	5.963892006842957e27
6.0572799999999996	5.954535055410741e27
6.06061	5.945472556462451e27
6.06394	5.936640667853049e27
6.06727	5.927948294179615e27
6.0706	5.919423319090825e27
6.07393	5.911100383983433e27
6.07726	5.902929443719414e27
6.08059	5.895059793865003e27
6.08392	5.887317661135926e27
6.08725	5.879944288855538e27
6.09058	5.872621264456433e27
6.09391	5.86568584396962e27
6.09724	5.858801153544778e27
6.10057	5.852332941723391e27
6.1039	5.84596592939892e27
6.1072299999999995	5.83997836128813e27
6.1105599999999995	5.834063170132457e27
6.11389	5.828445817846119e27
6.11722	5.823250018507588e27
6.12055	5.818120739969162e27
6.12388	5.813222126946429e27
6.12721	5.808786254971066e27
6.13054	5.804391986201081e27
6.13387	5.80032964771949e27
6.1372	5.796759981505676e27
6.14053	5.793236769225785e27
6.14386	5.789963198580987e27
6.14719	5.78704958183797e27
6.15052	5.784588194298015e27
6.15385	5.782188789427268e27
6.15718	5.780150183921431e27
6.1605099999999995	5.7783672577358e27
6.1638399999999995	5.776989446111952e27
6.16717	5.775814671554927e27
6.1705	5.774971696985749e27
6.17383	5.774575932673385e27
6.17716	5.774614529976785e27
6.18049	5.774889640068869e27
6.18382	5.77547097766797e27
6.18715	5.776389005426808e27
6.19048	5.777699354841397e27
6.19381	5.779468443294226e27
6.19714	5.781439881273977e27
6.20047	5.783716289913652e27
6.2038	5.786514709061105e27
6.20713	5.789775974543017e27
6.21046	5.793540507935172e27
6.2137899999999995	5.797634036179703e27
6.2171199999999995	5.802241738297716e27
6.22045	5.807179452587245e27
6.22378	5.812613751198611e27
6.22711	5.818285209930457e27
6.23044	5.824782287185228e27
6.23377	5.831643377097113e27
6.2371	5.83925412415584e27
6.24043	5.846970103402655e27
6.24376	5.855532811368927e27
6.24709	5.864634192800539e27
6.25042	5.874146401757081e27
6.25375	5.884446201144433e27
6.25708	5.895439708623371e27
6.26041	5.906656980642419e27
6.26374	5.918775094593259e27
6.2670699999999995	5.931581554392503e27
6.2703999999999995	5.94493095129363e27
6.27373	5.9592314726975e27
6.27706	5.973754977191162e27
6.28039	5.989605035756434e27
6.28372	6.005710410849673e27
6.28705	6.022871967409051e27
6.29038	6.040663175784397e27
6.29371	6.059477662935179e27
6.29704	6.078742586103422e27
6.30037	6.099268790113623e27
6.3037	6.120382749049606e27
6.30703	6.142778485245929e27
6.31036	6.166269281437674e27
6.31369	6.190417191927399e27
6.31702	6.215637010847057e27
6.3203499999999995	6.242599888521967e27
6.3236799999999995	6.270384478690896e27
6.32701	6.299170628448158e27
6.33034	6.329571837798919e27
6.33367	6.361204884359767e27
6.337	6.394635461579109e27
6.34033	6.428714865955588e27
6.34366	6.464495586316275e27
6.34699	6.502044458515353e27
6.35032	6.540835681225999e27
6.35365	6.581326273526116e27
6.35698	6.622110022208894e27
6.36031	6.664708706885017e27
6.36364	6.708867277846855e27
6.36697	6.754442731256629e27
6.3703	6.802792520338996e27
6.3736299999999995	6.852976862183339e27
6.3769599999999995	6.905946545963127e27
6.38029	6.960811907775104e27
6.38362	7.019086480008458e27
6.38695	7.079115134790171e27
6.39028	7.142843679567409e27
6.39361	7.209228644788567e27
6.39694	7.279215246153726e27
6.40027	7.352821032473659e27
6.4036	7.428599969041761e27
6.40693	7.508563434625235e27
6.41026	7.592569873584e27
6.41359	7.679740014504027e27
6.41692	7.770713289427065e27
6.42025	7.861936475997123e27
6.42358	7.956243896226483e27
6.42691	8.05329601471997e27
6.4302399999999995	8.154434235448323e27
6.43357	8.259004575115937e27
6.4369	8.370416615679689e27
6.44023	8.488693901100852e27
6.44356	8.6124630880593e27
6.44689	8.743780211311563e27
6.45022	8.881850324941806e27
6.45355	9.028862693284402e27
6.45688	9.185145282982824e27
6.46021	9.348322624133723e27
6.46354	9.523196286320477e27
6.46687	9.704880949153239e27
6.4702	9.900250544757166e27
6.47353	1.0103474406762026e28
6.47686	1.0317676053853634e28
6.48019	1.054632708246555e28
6.4835199999999995	1.0784447598281516e28
6.48685	1.104167890465158e28
6.49018	1.1313261730467763e28
6.49351	1.1602938650446403e28
6.49684	1.1915827891607133e28
6.50017	1.2245997218433486e28
6.5035	1.25966724188853e28
6.50683	1.2961965649117754e28
6.51016	1.3345044185377021e28
6.51349	1.3737200518684216e28
6.51682	1.4141936771189427e28
6.52015	1.4574216430165887e28
6.52348	1.5040520137533953e28
6.52681	1.5552162281015984e28
6.53014	1.611235549519466e28
6.53347	1.6721359816467415e28
6.5367999999999995	1.7368227138093567e28
6.5401299999999996	1.8011063672302738e28
6.54346	1.8657011027576306e28
6.54679	1.9315611632408207e28
6.55012	1.994671482223726e28
6.55345	2.0527955805220604e28
6.55678	2.1098366904881585e28
6.56011	2.169841959581689e28
6.56344	2.234967281267912e28
6.56677	2.310539664661265e28
6.5701	2.3951554668230696e28
6.57343	2.4900900981628636e28
6.57676	2.5864540908061275e28
6.58009	2.6753933549963174e28
6.58342	2.741005489761907e28
6.58675	2.769910719716029e28
6.5900799999999995	2.7703692738083176e28
6.5934099999999995	2.7518467903004003e28
6.59674	2.719888600204213e28
6.60007	2.674224357543208e28
6.6034	2.6238348794015506e28
6.60673	2.5829548091645945e28
6.61006	2.5604311619692945e28
6.61339	2.5597952810914947e28
6.61672	2.58519310511219e28
6.62005	2.644548411779182e28
6.62338	2.7548106709941395e28
6.62671	2.949737738635957e28
6.63004	3.3029553563852112e28
6.63337	3.99972696132491e28
6.6367	5.307207700158723e28
6.64003	6.069030888224698e28
6.6433599999999995	4.8986718548485975e28
6.6466899999999995	4.132155639843005e28
6.65002	3.9174472532785666e28
6.65335	3.979728098087666e28
6.65668	4.161960978727602e28
6.66001	4.326449308956809e28
6.66334	4.458093706374306e28
6.66667	4.470502219355984e28
6.67	4.281574201963306e28
6.67333	3.9444588516843926e28
6.67666	3.5667982467922435e28
6.67999	3.2446434533432505e28
6.68332	2.991807276035523e28
6.68665	2.7887631421842633e28
6.68998	2.5983063614656245e28
6.69331	2.4179947387622433e28
6.6966399999999995	2.2612880882926237e28
6.6999699999999995	2.1265955574230516e28
6.7033	2.010097646848745e28
6.70663	1.9081877036448253e28
6.70996	1.8170726423266025e28
6.71329	1.7341611689339954e28
6.71662	1.6581614970760743e28
6.71995	1.5877042988748645e28
6.72328	1.522436090535347e28
6.72661	1.4616857639612302e28
6.72994	1.4046385202572913e28
6.73327	1.3511888966718635e28
6.7366	1.3014123780982795e28
6.73993	1.2542327961474692e28
6.74326	1.209928788555514e28
6.74659	1.1679584198709043e28
6.7499199999999995	1.128024009290005e28
6.7532499999999995	1.0908732910571019e28
6.75658	1.0554937700730523e28
6.75991	1.021950845677482e28
6.76324	9.902578822811809e27
6.76657	9.602195003305616e27
6.7699	9.31731940581929e27
6.77323	9.048402464774851e27
6.77656	8.792407917251868e27
6.77989	8.550769277765681e27
6.78322	8.319263585383828e27
6.78655	8.100724253415035e27
6.78988	7.89259105831249e27
6.79321	7.694324051561862e27
6.79654	7.507274010163321e27
6.79987	7.328571904051229e27
6.8031999999999995	7.156462498613858e27
6.8065299999999995	6.994975260753624e27
6.80986	6.839549591118252e27
6.81319	6.692649593745221e27
6.81652	6.550139165398676e27
6.81985	6.415165894114211e27
6.82318	6.28653467038693e27
6.82651	6.162725638577655e27
6.82984	6.044583232254122e27
6.83317	5.931204789330968e27
6.8365	5.8223814992467e27
6.83983	5.717482137977441e27
6.84316	5.616437980114175e27
6.84649	5.519918605075683e27
6.84982	5.427089174099123e27
6.85315	5.3378244255786e27
6.85648	5.251889027824378e27
6.8598099999999995	5.169306461046381e27
6.86314	5.089593004573631e27
6.86647	5.012217410404805e27
6.8698	4.9364632880689034e27
6.87313	4.8628565176297364e27
6.87646	4.79205335444036e27
6.87979	4.723210994890961e27
6.88312	4.6576405074604064e27
6.88645	4.5963191888172514e27
6.88978	4.543522355632437e27
6.89311	4.5209903497087537e27
6.89644	4.83328352407688e27
6.89977	4.758576536895399e27
6.9031	4.3531545842937043e27
6.90643	4.2650600315165725e27
6.90976	4.20649582224625e27
6.9130899999999995	4.154840130388818e27
6.91642	4.1074955843570497e27
6.91975	4.061935540502027e27
6.92308	4.0180934025584924e27
6.92641	3.9750604554492303e27
6.92974	3.933396819369305e27
6.93307	3.891180692615581e27
6.9364	3.8495626774566164e27
6.93973	3.809184435399099e27
6.94306	3.769743981510413e27
6.94639	3.731010577669884e27
6.94972	3.693565399771222e27
6.95305	3.656650734811859e27
6.95638	3.620192087357434e27
6.95971	3.5845573645330594e27
6.96304	3.549354801804e27
6.9663699999999995	3.5142787255800727e27
6.9697	3.479812050284035e27
6.97303	3.4456786573203044e27
6.97636	3.4124801732240557e27
6.97969	3.3796742933645265e27
6.98302	3.3473947421310947e27
6.98635	3.315784991675952e27
6.98968	3.284920619974063e27
6.99301	3.2545491528414106e27
6.99634	3.2248152347458644e27
6.99967	3.195851602341125e27
7.003	3.1672167892246925e27
7.00633	3.1391323576303123e27
7.00966	3.112104076834756e27
7.01299	3.0851885645617776e27
7.01632	3.0589769467170555e27
7.0196499999999995	3.0333811958744656e27
7.02298	3.008134879108176e27
7.02631	2.983641014559077e27
7.02964	2.959700990691419e27
7.03297	2.936042639966322e27
7.0363	2.913048237468299e27
7.03963	2.890489141489763e27
7.04296	2.8684374543683484e27
7.04629	2.8469780373418946e27
7.04962	2.825752214848541e27
7.05295	2.805154755997303e27
7.05628	2.784935709382325e27
7.05961	2.765038029691432e27
7.06294	2.7456389158743764e27
7.06627	2.726682225291689e27
7.0696	2.7079989469853345e27
7.0729299999999995	2.689748480693001e27
7.0762599999999996	2.6715039526202607e27
7.07959	2.653834949667806e27
7.08292	2.6366197824491086e27
7.08625	2.619758959484063e27
7.08958	2.603177022416994e27
7.09291	2.5868922908945166e27
7.09624	2.5709330526670427e27
7.09957	2.555262449924685e27
7.1029	2.5398762594076036e27
7.10623	2.5248336516407024e27
7.10956	2.510044187353031e27
7.11289	2.4954992542190036e27
7.11622	2.481292612293135e27
7.11955	2.4672716263562907e27
7.12288	2.453450561707566e27
7.1262099999999995	2.439875201567233e27
7.1295399999999995	2.4265883873580134e27
7.13287	2.413637930404141e27
7.1362	2.4007982802132497e27
7.13953	2.3881823617934388e27
7.14286	2.375991411898342e27
7.14619	2.3638231915349032e27
7.14952	2.3519348318520716e27
7.15285	2.3403236661313429e27
7.15618	2.3288768835833814e27
7.15951	2.3176840096629332e27
7.16284	2.3066040702796715e27
7.16617	2.2958829312718417e27
7.1695	2.285223225390313e27
7.17283	2.2748277964580814e27
7.17616	2.264672934230797e27
7.1794899999999995	2.2546998983528146e27
7.1828199999999995	2.244925158121791e27
7.18615	2.2353990710562663e27
7.18948	2.2260382804928614e27
7.19281	2.2168417112680002e27
7.19614	2.2078263240260373e27
7.19947	2.1990451186854682e27
7.2028	2.190490198161491e27
7.20613	2.1821160641025913e27
7.20946	2.1739467582498742e27
7.21279	2.165906146166727e27
7.21612	2.158055669545829e27
7.21945	2.150343827067572e27
7.22278	2.1427625943432322e27
7.22611	2.1354195319028444e27
7.22944	2.12823522123965e27
7.2327699999999995	2.1212463199701403e27
7.2360999999999995	2.1143883187314338e27
7.23943	2.1077058425750516e27
7.24276	2.1012718720463946e27
7.24609	2.0949334743891515e27
7.24942	2.0888406854263613e27
7.25275	2.0828734832498824e27
7.25608	2.0770534109337826e27
7.25941	2.071396040774202e27
7.26274	2.0660496790149914e27
7.26607	2.0609476591126633e27
7.2694	2.0559373254033808e27
7.27273	2.0510377228678967e27
7.27606	2.0462884166200267e27
7.27939	2.0417867737211848e27
7.28272	2.037466398196056e27
7.28605	2.0334495581072186e27
7.2893799999999995	2.0295658638345337e27
7.29271	2.0258359782952465e27
7.29604	2.0223127439182492e27
7.29937	2.0189667667559292e27
7.3027	2.0158030000162194e27
7.30603	2.0128168691795116e27
7.30936	2.010162781572581e27
7.31269	2.0076170173800013e27
7.31602	2.0052252456231914e27
7.31935	2.003284776212892e27
7.32268	2.0013974321729348e27
7.32601	1.9996464853495782e27
7.32934	1.9980414102196772e27
7.33267	1.9967435183673696e27
7.336	1.9955807413083326e27
7.33933	1.9948308840621507e27
7.3426599999999995	1.9941773027085713e27
7.34599	1.9937587553882706e27
7.34932	1.9936548652686648e27
7.35265	1.9936969591573333e27
7.35598	1.9938760046425982e27
7.35931	1.994304866526349e27
7.36264	1.9951182322797473e27
7.36597	1.9959707823052282e27
7.3693	1.9972033691703772e27
7.37263	1.9987068242516905e27
7.37596	2.000365988370453e27
7.37929	2.002407919283757e27
7.38262	2.0045891755946428e27
7.38595	2.006874970978834e27
7.38928	2.0097088123644734e27
7.39261	2.012504326032127e27
7.3959399999999995	2.0157960073007087e27
7.39927	2.0194043855331416e27
7.4026	2.0230035185251868e27
7.40593	2.0272383848836173e27
7.40926	2.0314384462741632e27
7.41259	2.0359634789029456e27
7.41592	2.0408061869694885e27
7.41925	2.045885420492473e27
7.42258	2.051103710936367e27
7.42591	2.0567863280947508e27
7.42924	2.0627748525859469e27
7.43257	2.0688857773452624e27
7.4359	2.0754966994914586e27
7.43923	2.0824051328239622e27
7.44256	2.08940603113173e27
7.44589	2.0967794924745646e27
7.4492199999999995	2.1043348066950766e27
7.45255	2.1123239673229277e27
7.45588	2.1206218148063908e27
7.45921	2.1293170722287613e27
7.46254	2.1384943208670315e27
7.46587	2.147985669137873e27
7.4692	2.1575857622344446e27
7.47253	2.1679134512550758e27
7.47586	2.1784354402377189e27
7.47919	2.1891636403859585e27
7.48252	2.2003851613951544e27
7.48585	2.2121218252360742e27
7.48918	2.2241186339196724e27
7.49251	2.236382258970874e27
7.49584	2.2491558577889674e27
7.49917	2.262051095268454e27
7.5024999999999995	2.2757491252650517e27
7.50583	2.2893992184994429e27
7.50916	2.303152921397373e27
7.51249	2.3170659047158902e27
7.51582	2.3310682199469816e27
7.51915	2.3454902216042346e27
7.52248	2.3602062192038912e27
7.52581	2.3751097888018867e27
7.52914	2.390152812824049e27
7.53247	2.4057924846314548e27
7.5358	2.4213460185569166e27
7.53913	2.4370310465148687e27
7.54246	2.4531021790202564e27
7.54579	2.46932702086677e27
7.54912	2.4859868899792205e27
7.55245	2.503301362983595e27
7.5557799999999995	2.5208592876579175e27
7.5591099999999996	2.53857743783811e27
7.56244	2.556783171222272e27
7.56577	2.5753351928917216e27
7.5691	2.5942640353584095e27
7.57243	2.6136073983328486e27
7.57576	2.632669112436195e27
7.57909	2.651959927261745e27
7.58242	2.650272868876275e27
7.58575	2.669287911178261e27
7.58908	2.688271546768456e27
7.59241	2.7069134278486645e27
7.59574	2.72498415328944e27
7.59907	2.7424504897984195e27
7.6024	2.759101358905185e27
7.60573	2.775369512255992e27
7.6090599999999995	2.7910206776858294e27
7.6123899999999995	2.805879955412748e27
7.61572	2.8201328761566294e27
7.61905	2.8338303361805887e27
7.62238	2.846861043866037e27
7.62571	2.859497840304325e27
7.62904	2.871826883147521e27
7.63237	2.883864628489482e27
7.6357	2.896121684386109e27
7.63903	2.908170234794454e27
7.64236	2.9202400221344594e27
7.64569	2.932394684019887e27
7.64902	2.944746258198209e27
7.65235	2.9568219774568124e27
7.65568	2.9689621332993553e27
7.65901	2.9813594227963497e27
7.6623399999999995	2.993027247934835e27
7.6656699999999995	3.0043669848137366e27
7.669	3.014757702265255e27
7.67233	3.024532790024992e27
7.67566	3.0330891429742346e27
7.67899	3.040744080428901e27
7.68232	3.047115043180626e27
7.68565	3.0523814751300026e27
7.68898	3.056383622236418e27
7.69231	3.059170263149967e27
7.69564	3.0608709277904264e27
7.69897	3.0613198857822723e27
7.7023	3.060706321604163e27
7.70563	3.0588202503956595e27
7.70896	3.0559908370646267e27
7.71229	3.052306086171733e27
7.71562	3.047755744448914e27
7.7189499999999995	3.0426145160589416e27
7.72228	3.037312352423937e27
7.72561	3.0320029417904616e27
7.72894	3.0268457901277595e27
7.73227	3.021861164899407e27
7.7356	3.017392761999266e27
7.73893	3.013743872303764e27
7.74226	3.0108057350469277e27
7.74559	3.009240966645788e27
7.74892	3.008681239408357e27
7.75225	3.009533302268303e27
7.75558	3.01168188999982e27
7.75891	3.0156307849528997e27
7.76224	3.0209570652590756e27
7.76557	3.0279965200570597e27
7.7689	3.0366578555201196e27
7.7722299999999995	3.0469457910764183e27
7.77556	3.058306228256121e27
7.77889	3.070576557092977e27
7.78222	3.0836224243351575e27
7.78555	3.096343509615193e27
7.78888	3.1088028981129764e27
7.79221	3.120423967832736e27
7.79554	3.1312095218648017e27
7.79887	3.1409308198725386e27
7.8022	3.1484139403811446e27
7.80553	3.1541245370155066e27
7.80886	3.1564039487547034e27
7.81219	3.1537682083031993e27
7.81552	3.14470428895448e27
7.81885	3.1270041240638885e27
7.82218	3.10279034261236e27
7.8255099999999995	3.074807506651728e27
7.82884	3.044916874731093e27
7.83217	3.01505317070758e27
7.8355	2.985565896566146e27
7.83883	2.957156716670322e27
7.84216	2.929660869294843e27
7.84549	2.903060788807325e27
7.84882	2.877555468639005e27
7.85215	2.852526848751262e27
7.85548	2.8278426818515527e27
7.85881	2.80334067755341e27
7.86214	2.778378629659252e27
7.86547	2.7527991099687747e27
7.8688	2.7263575361624254e27
7.87213	2.6993189065935044e27
7.87546	2.671844960149116e27
7.8787899999999995	2.644351622658056e27
7.88212	2.616809677044291e27
7.88545	2.58974672395942e27
7.88878	2.5627317687675404e27
7.89211	2.536241195660855e27
7.89544	2.510257858879187e27
7.89877	2.486122040865882e27
7.9021	2.462520859507948e27
7.90543	2.4397490120406316e27
7.90876	2.418005521283156e27
7.91209	2.3968460373425925e27
7.91542	2.3768697292890533e27
7.91875	2.3575238422248537e27
7.92208	2.33912370848315e27
7.92541	2.3216212881013298e27
7.92874	2.3048995579260181e27
7.9320699999999995	2.2890255193603009e27
7.9354	2.2737946242420957e27
7.93873	2.259228910055462e27
7.94206	2.245559959979124e27
7.94539	2.2325197795037163e27
7.94872	2.2201615901730822e27
7.95205	2.2085043665385865e27
7.95538	2.1973966581742644e27
7.95871	2.1868990428239295e27
7.96204	2.176934586168144e27
7.96537	2.167585321145807e27
7.9687	2.1586444083964639e27
7.97203	2.150204998410854e27
7.97536	2.1422618300538654e27
7.97869	2.1347375774046305e27
7.98202	2.1277727954545994e27
7.9853499999999995	2.1210200337161384e27
7.98868	2.114525065761497e27
7.99201	2.1082647205226055e27
7.99534	2.1021920731028826e27
7.99867	2.0964237377769256e27
8.002	2.091021868907873e27
8.00533	2.0857152148490154e27
8.00866	2.0804522851286724e27
8.011989999999999	2.0755858665898583e27
8.01532	2.07090402628109e27
8.01865	2.0663961006781384e27
8.02198	2.0620041839722346e27
8.02531	2.0576930074538213e27
8.02864	2.0537133755392413e27
8.03197	2.0495948298156943e27
8.0353	2.045595107404153e27
8.03863	2.0418489094657392e27
8.04196	2.0379737403434647e27
8.04529	2.0342075295409e27
8.04862	2.0304808103245997e27
8.05195	2.02679026118613e27
8.05528	2.0231218018508678e27
8.05861	2.019493824893423e27
8.06194	2.0159422016925378e27
8.06527	2.0124229226914415e27
8.0686	2.0089365095605348e27
8.07193	2.0054197507640346e27
8.07526	2.0020232780888975e27
8.07859	1.998666013200719e27
8.08192	1.995349804596288e27
8.08525	1.9921420052589594e27
8.08858	1.9889805106178843e27
8.09191	1.985839004193664e27
8.09524	1.9827270603711736e27
8.09857	1.9797098357100822e27
8.1019	1.976683151493292e27
8.10523	1.9736577622806385e27
8.10856	1.9705239442742412e27
8.11189	1.9673070453573182e27
8.11522	1.964013773870735e27
8.11855	1.960659819991463e27
8.121879999999999	1.9572846291806704e27
8.12521	1.9539035786363584e27
8.12854	1.9504052427276495e27
8.13187	1.9470646400401455e27
8.1352	1.943423343984917e27
8.13853	1.939925049246633e27
8.14186	1.936418140141405e27
8.14519	1.9328636973145958e27
8.14852	1.9288742988212659e27
8.15185	1.925142181897859e27
8.15518	1.9213576536949778e27
8.15851	1.9173576406467432e27
8.16184	1.913270590369898e27
8.16517	1.909038553066396e27
8.1685	1.904706009053925e27
8.17183	1.9004853692832224e27
8.17516	1.8964684100701814e27
8.17849	1.892110197920068e27
8.18182	1.8880909039827715e27
8.18515	1.8839079266237708e27
8.18848	1.8794942997014496e27
8.19181	1.8752545549605545e27
8.19514	1.8711782901580866e27
8.19847	1.866898542396519e27
8.2018	1.862656513330765e27
8.20513	1.8584250962730873e27
8.20846	1.8542057860757627e27
8.21179	1.8498526389632664e27
8.21512	1.8455291009550879e27
8.21845	1.8411345138240018e27
8.22178	1.8367148861105027e27
8.22511	1.8321610902690822e27
8.228439999999999	1.8275227913109117e27
8.23177	1.8227957271728002e27
8.2351	1.8180139916189524e27
8.23843	1.8131609489368223e27
8.24176	1.8081998709557625e27
8.24509	1.803075765064739e27
8.24842	1.797911729052913e27
8.25175	1.7927472648187697e27
8.25508	1.7875641221417693e27
8.25841	1.7826271170790974e27
8.26174	1.7775145250199026e27
8.26507	1.77226399620397e27
8.2684	1.7669890318139006e27
8.27173	1.7617016397252655e27
8.27506	1.7564693546719078e27
8.27839	1.751169389574983e27
8.28172	1.7460234266163308e27
8.28505	1.74065099783992e27
8.28838	1.7353702748424818e27
8.29171	1.730343864571401e27
8.29504	1.725112160516152e27
8.29837	1.719705520779307e27
8.3017	1.714202735920311e27
8.30503	1.708884499756875e27
8.30836	1.7036918957315348e27
8.31169	1.6986654197005113e27
8.31502	1.693616074215539e27
8.31835	1.6887751532000317e27
8.32168	1.6834270074025437e27
8.32501	1.6780898066825664e27
8.32834	1.6727143815349687e27
8.33167	1.6672939039623087e27
8.334999999999999	1.661821883654137e27
8.33833	1.6563421252574152e27
8.34166	1.650668782151694e27
8.34499	1.6450145880233227e27
8.34832	1.639393247984771e27
8.35165	1.6338115626138955e27
8.35498	1.6282260506532518e27
8.35831	1.6226261477818247e27
8.36164	1.6170456229797033e27
8.36497	1.6114560973947072e27
8.3683	1.6058865941333172e27
8.37163	1.6003483768840191e27
8.37496	1.5947796958921652e27
8.37829	1.589245774104751e27
8.38162	1.5837425799490113e27
8.38495	1.5782281766058312e27
8.38828	1.5727134211614787e27
8.39161	1.5672353900483352e27
8.39494	1.5618075109629115e27
8.39827	1.5565119719858153e27
8.4016	1.5511717652371287e27
8.40493	1.5458252471723357e27
8.40826	1.5406033263367146e27
8.41159	1.5353150573667937e27
8.41492	1.529945504984096e27
8.41825	1.524610436854581e27
8.42158	1.519145624162758e27
8.42491	1.513771538169042e27
8.42824	1.5085167849690966e27
8.43157	1.503266126750687e27
8.4349	1.497983693137553e27
8.43823	1.4931887478021843e27
8.441559999999999	1.4879578881912706e27
8.44489	1.4827271280114466e27
8.44822	1.477499976611513e27
8.45155	1.4722851560592517e27
8.45488	1.467036808567347e27
8.45821	1.461802587102518e27
8.46154	1.456577604768079e27
8.46487	1.4513830644706607e27
8.4682	1.4462040161531984e27
8.47153	1.4410591998756174e27
8.47486	1.4359249845865763e27
8.47819	1.4308275363647366e27
8.48152	1.4257591831485544e27
8.48485	1.42069668748803e27
8.48818	1.415666839045335e27
8.49151	1.4106563743426657e27
8.49484	1.4056818961746716e27
8.49817	1.400742140269574e27
8.5015	1.395812544456699e27
8.50483	1.3908855970972136e27
8.50816	1.3859862175516833e27
8.51149	1.3811217902933757e27
8.51482	1.376268663890993e27
8.51815	1.371432898441152e27
8.52148	1.3666112645012761e27
8.52481	1.3618233248416615e27
8.52814	1.357057731529492e27
8.53147	1.352331285133709e27
8.5348	1.3476122565303054e27
8.53813	1.342900209171971e27
8.54146	1.3382161566046966e27
8.54479	1.3335631674749413e27
8.54812	1.328917166261308e27
8.551449999999999	1.3242956177098967e27
8.55478	1.3196861584610118e27
8.55811	1.315104030764301e27
8.56144	1.3105453394665476e27
8.56477	1.3059995091322457e27
8.5681	1.3014700081020792e27
8.57143	1.2969479355303982e27
8.57476	1.2924616865281617e27
8.57809	1.2879747205675088e27
8.58142	1.2835355975052375e27
8.58475	1.2791041022109917e27
8.58808	1.2747063566356806e27
8.59141	1.2703204558430728e27
8.59474	1.2659498447487864e27
8.59807	1.261610128220179e27
8.6014	1.257268649343613e27
8.60473	1.2529471679283995e27
8.60806	1.2486524518361224e27
8.61139	1.24438001988433e27
8.61472	1.2401066991804203e27
8.61805	1.2358608197501883e27
8.62138	1.23163546731685e27
8.62471	1.2274319109632777e27
8.62804	1.2232451219438977e27
8.63137	1.2190546457030089e27
8.6347	1.2148842661925049e27
8.63803	1.2107429797967782e27
8.64136	1.2066214184568556e27
8.64469	1.2025111462145415e27
8.64802	1.198411236297952e27
8.65135	1.1943343388279692e27
8.65468	1.1902463922990342e27
8.658009999999999	1.1862008842022927e27
8.66134	1.1821637165768129e27
8.66467	1.1781479150540254e27
8.668	1.1741519397414592e27
8.67133	1.1701597535711985e27
8.67466	1.1661947566491486e27
8.67799	1.162250676135054e27
8.68132	1.1583137643884833e27
8.68465	1.1543958802420455e27
8.68798	1.1504878099411704e27
8.69131	1.1465968759421047e27
8.69464	1.1427159628993734e27
8.69797	1.1388496155705485e27
8.7013	1.1349983025301916e27
8.70463	1.1311651176263181e27
8.70796	1.1273565349333218e27
8.71129	1.1235630070441877e27
8.71462	1.1197682560343624e27
8.71795	1.1159883520120667e27
8.72128	1.1122265233623741e27
8.72461	1.108496453408789e27
8.72794	1.1047885628625801e27
8.73127	1.1011042157185605e27
8.7346	1.0974332773154282e27
8.73793	1.0937625956413527e27
8.74126	1.0901104256698946e27
8.74459	1.0864728643635283e27
8.74792	1.0828493718067828e27
8.75125	1.0792377514132735e27
8.75458	1.0756530561671332e27
8.75791	1.0720661636302887e27
8.76124	1.0684905561731735e27
8.764569999999999	1.0649299451501029e27
8.7679	1.0613843931057432e27
8.77123	1.0578446293740983e27
8.77456	1.0543064515450208e27
8.77789	1.0507648571132956e27
8.78122	1.0472428587869204e27
8.78455	1.0437470348707254e27
8.78788	1.0402754748981142e27
8.79121	1.036805376337186e27
8.79454	1.0333548758656995e27
8.79787	1.0299197353841476e27
8.8012	1.0264823517789368e27
8.80453	1.0230741440204265e27
8.80786	1.0196786144866302e27
8.81119	1.0162820692357733e27
8.81452	1.0129176240411641e27
8.81785	1.0094696022081334e27
8.82118	1.0060853444540533e27
8.82451	1.002744061259057e27
8.82784	9.99423537281419e26
8.83117	9.96102652825794e26
8.8345	9.928029104658119e26
8.83783	9.8951416455352e26
8.84116	9.862487070890198e26
8.84449	9.82989454876136e26
8.84782	9.797387583894245e26
8.85115	9.764876196269774e26
8.85448	9.732476342856332e26
8.85781	9.700247637165288e26
8.86114	9.66825807813238e26
8.86447	9.636363756939668e26
8.8678	9.604602835817958e26
8.871129999999999	9.57301517853417e26
8.87446	9.541562516175507e26
8.87779	9.510108147302974e26
8.88112	9.478780445861415e26
8.88445	9.447603758002853e26
8.88778	9.416470173758433e26
8.89111	9.385537510809404e26
8.89444	9.354697015254667e26
8.89777	9.323882339562301e26
8.9011	9.293290725112601e26
8.90443	9.262781693248092e26
8.90776	9.232253258913708e26
8.91109	9.20197245004916e26
8.91442	9.171767441922286e26
8.91775	9.141687615741064e26
8.92108	9.111681794045673e26
8.92441	9.081743892715709e26
8.92774	9.05186129404601e26
8.93107	9.022207530067603e26
8.9344	8.992799326830262e26
8.93773	8.963457003007923e26
8.94106	8.934113564899874e26
8.94439	8.904850593339873e26
8.94772	8.875686066798151e26
8.95105	8.846599653094002e26
8.95438	8.817626797931067e26
8.95771	8.788920758565454e26
8.96104	8.760181674762055e26
8.96437	8.731474418966786e26
8.9677	8.703059549582263e26
8.97103	8.674585614969041e26
8.97436	8.646283472171029e26
8.97769	8.617986619467808e26
8.98102	8.589857127438502e26
8.98435	8.56177057941911e26
8.98768	8.533813764594504e26
8.99101	8.505997684403377e26
8.99434	8.478227168627719e26
8.99767	8.450509968069319e26
9.001	8.422937439862337e26
9.00433	8.395499371876353e26
9.00766	8.36814127759248e26
9.01099	8.340889010751026e26
9.01432	8.313730419364154e26
9.01765	8.28649537726406e26
9.02098	8.259442047795829e26
9.02431	8.232584730715147e26
9.02764	8.205711438882056e26
9.03097	8.17887245146046e26
9.0343	8.152138078089224e26
9.03763	8.125512566374735e26
9.04096	8.098970045413092e26
9.04429	8.07247746671162e26
9.04762	8.045878684041135e26
9.05095	8.019119241229598e26
9.05428	7.992546262350234e26
9.05761	7.966297829480913e26
9.06094	7.940193906588184e26
9.06427	7.914210234394668e26
9.0676	7.888029245222981e26
9.07093	7.861971744721285e26
9.07426	7.836375448674774e26
9.07759	7.810928681735074e26
9.08092	7.785482677298316e26
9.08425	7.760230257064702e26
9.087579999999999	7.735080838680866e26
9.09091	7.710037067539271e26
9.09424	7.68503670930673e26
9.09757	7.660103049784011e26
9.1009	7.635232233305381e26
9.10423	7.610489232056464e26
9.10756	7.585802868933282e26
9.11089	7.56122242383691e26
9.11422	7.53682006729715e26
9.11755	7.512451616407514e26
9.12088	7.488158879062578e26
9.12421	7.463954372882039e26
9.12754	7.439822235519215e26
9.13087	7.415737424443204e26
9.1342	7.391822835599258e26
9.13753	7.367925127815621e26
9.14086	7.34406864988707e26
9.14419	7.320351428089875e26
9.14752	7.29670324761264e26
9.15085	7.27312446986229e26
9.15418	7.249678172177508e26
9.15751	7.226261949925584e26
9.16084	7.202820505802671e26
9.16417	7.179553285905333e26
9.1675	7.15637296679356e26
9.17083	7.133236300125465e26
9.17416	7.110197969636254e26
9.17749	7.0872642852604e26
9.18082	7.064361628556181e26
9.18415	7.041549848496628e26
9.18748	7.018829769192477e26
9.19081	6.996183317306675e26
9.194139999999999	6.973607801423902e26
9.19747	6.951119893948806e26
9.2008	6.928700354852574e26
9.20413	6.906349056741759e26
9.20746	6.884134001119107e26
9.21079	6.861912233609504e26
9.21412	6.839728794760187e26
9.21745	6.817681352715312e26
9.22078	6.795739163272519e26
9.22411	6.773796485351567e26
9.22744	6.751918775300377e26
9.23077	6.730161903932285e26
9.2341	6.708292554112433e26
9.23743	6.686418676866577e26
9.24076	6.664747441649724e26
9.24409	6.642227305275831e26
9.24742	6.620775119413663e26
9.25075	6.599341367553321e26
9.25408	6.578046014314688e26
9.25741	6.556790638469765e26
9.26074	6.535623786082167e26
9.26407	6.514566077430309e26
9.2674	6.493453408261075e26
9.27073	6.472274053892736e26
9.27406	6.451270654272852e26
9.27739	6.430404092329382e26
9.28072	6.409633840014729e26
9.28405	6.388957447336419e26
9.28738	6.368407588924726e26
9.29071	6.347847410478131e26
9.29404	6.327325836591791e26
9.29737	6.306930165026024e26
9.300699999999999	6.286638914108106e26
9.30403	6.26637233627027e26
9.30736	6.246229858375093e26
9.31069	6.226099786570464e26
9.31402	6.206071163309786e26
9.31735	6.186141591734201e26
9.32068	6.166274911843525e26
9.32401	6.146516393476824e26
9.32734	6.126856093524148e26
9.33067	6.1072427065808156e26
9.334	6.0876727463470554e26
9.33733	6.068167786981882e26
9.34066	6.0487271865930975e26
9.34399	6.029332172805214e26
9.34732	6.009997852037347e26
9.35065	5.990752100765772e26
9.35398	5.9715652507657895e26
9.35731	5.952441634402688e26
9.36064	5.933351341766083e26
9.36397	5.9143171838320245e26
9.3673	5.895395082987901e26
9.37063	5.8765610995928084e26
9.37396	5.857734158841563e26
9.37729	5.838941637453798e26
9.38062	5.8202952025014995e26
9.38395	5.8017240970728404e26
9.38728	5.783193287731777e26
9.39061	5.764677324090256e26
9.39394	5.7462763997686304e26
9.39727	5.727922398448781e26
9.4006	5.709611320201929e26
9.40393	5.6913320274015064e26
9.40726	5.673155366582738e26
9.41059	5.655025226047648e26
9.41392	5.6369637813437226e26
9.41725	5.61894362904326e26
9.42058	5.6009478373267316e26
9.42391	5.582904156259936e26
9.42724	5.564960098104625e26
9.43057	5.547165191105351e26
9.4339	5.529404296074962e26
9.43723	5.5114691837106136e26
9.44056	5.493704409236647e26
9.44389	5.476146671493545e26
9.44722	5.458684899519197e26
9.45055	5.441256793064798e26
9.45388	5.4238378412512015e26
9.45721	5.40653854515134e26
9.46054	5.389323103024875e26
9.46387	5.3721570480981e26
9.4672	5.354984445310237e26
9.47053	5.3378896444088e26
9.47386	5.3208782924284684e26
9.47719	5.303906609311997e26
9.48052	5.287016219736793e26
9.48385	5.270184119507427e26
9.48718	5.253382416760853e26
9.49051	5.236652879502463e26
9.49384	5.219956780226703e26
9.49717	5.203315878259126e26
9.5005	5.186720737403551e26
9.50383	5.170194048450627e26
9.50716	5.153693601100142e26
9.51049	5.137317049399204e26
9.51382	5.1209473345343076e26
9.517149999999999	5.1046485430672645e26
9.52048	5.088438153352908e26
9.52381	5.072202778021713e26
9.52714	5.0560547162442175e26
9.53047	5.039961393872279e26
9.5338	5.023863119600631e26
9.53713	5.007888688063342e26
9.54046	4.991960366262556e26
9.54379	4.976100054251649e26
9.54712	4.96030816307863e26
9.55045	4.944526908119155e26
9.55378	4.9288005606122866e26
9.55711	4.9131120644291336e26
9.56044	4.897478459108461e26
9.56377	4.881890137413884e26
9.5671	4.866339481528421e26
9.57043	4.850856800247709e26
9.57376	4.835434316797124e26
9.57709	4.8200971572294414e26
9.58042	4.804802117848242e26
9.58375	4.789552520283791e26
9.58708	4.7743812140079613e26
9.59041	4.759219727156943e26
9.59374	4.7441019085882355e26
9.59707	4.7290506734614486e26
9.6004	4.714018235543664e26
9.60373	4.6990595474317466e26
9.60706	4.684180075462101e26
9.61039	4.669318546201802e26
9.61372	4.654513338792283e26
9.61705	4.639753672522081e26
9.62038	4.625028047143925e26
9.623709999999999	4.610363902236218e26
9.62704	4.595722213180163e26
9.63037	4.5811464638631675e26
9.6337	4.566606754614276e26
9.63703	4.552123372937109e26
9.64036	4.537696172739264e26
9.64369	4.523346167748119e26
9.64702	4.5089869961614746e26
9.65035	4.4946662418771433e26
9.65368	4.480422365511274e26
9.65701	4.4662898920873836e26
9.66034	4.45218524941809e26
9.66367	4.438102919475414e26
9.667	4.424029833324682e26
9.67033	4.4100662500331e26
9.67366	4.396163426679263e26
9.67699	4.38231058323901e26
9.68032	4.368489041599766e26
9.68365	4.354705079135436e26
9.68698	4.340952269544367e26
9.69031	4.3272532448188193e26
9.69364	4.313600873971268e26
9.69697	4.300007464973969e26
9.7003	4.286473598448347e26
9.70363	4.27294944565512e26
9.70696	4.2595111378981255e26
9.71029	4.2461494321750664e26
9.71362	4.232749702545257e26
9.71695	4.2194092604670314e26
9.72028	4.206108523685063e26
9.72361	4.1928500308570974e26
9.72694	4.17966930940075e26
9.730269999999999	4.1665287165764035e26
9.7336	4.153431194474274e26
9.73693	4.140361068545398e26
9.74026	4.127318298001982e26
9.74359	4.114335220278248e26
9.74692	4.101366573272475e26
9.75025	4.088473037938644e26
9.75358	4.075595981978803e26
9.75691	4.062763157903715e26
9.76024	4.049984376226268e26
9.76357	4.0372541898390075e26
9.7669	4.024551084402262e26
9.77023	4.0119186621160126e26
9.77356	3.9993234507137675e26
9.77689	3.986719565265105e26
9.78022	3.974204795732943e26
9.78355	3.9617212308072645e26
9.78688	3.9492662343730226e26
9.79021	3.936838675135064e26
9.79354	3.924457184061187e26
9.79687	3.912143438634401e26
9.8002	3.899849373417316e26
9.80353	3.8875895759052185e26
9.80686	3.875368514193894e26
9.81019	3.863187107709927e26
9.81352	3.8510465828674264e26
9.81685	3.838938207538244e26
9.82018	3.826868135051529e26
9.82351	3.814855801185659e26
9.82684	3.802899913979168e26
9.83017	3.790957789111063e26
9.8335	3.779051536524871e26
9.83683	3.7672188796461074e26
9.84016	3.7553877663893164e26
9.84349	3.743596833961874e26
9.84682	3.7318657342552276e26
9.85015	3.720157509000609e26
9.85348	3.70848323057609e26
9.85681	3.696841063278699e26
9.86014	3.6852410018044714e26
9.86347	3.673687187331652e26
9.8668	3.6621801767627726e26
9.87013	3.650714887068158e26
9.87346	3.639261117822106e26
9.87679	3.6278203337373646e26
9.88012	3.616327371541107e26
9.88345	3.6048666287477515e26
9.88678	3.593540732613471e26
9.89011	3.582287269780391e26
9.89344	3.571058461634199e26
9.89677	3.55988712766596e26
9.9001	3.548743207421957e26
9.90343	3.537602917705712e26
9.90676	3.526508755993351e26
9.91009	3.5154562554529464e26
9.91342	3.504440879135377e26
9.91675	3.4934599812578916e26
9.92008	3.4825179347166784e26
9.92341	3.4716213730956e26
9.92674	3.460743230063987e26
9.93007	3.4498926922282254e26
9.9334	3.439077665050594e26
9.93673	3.428304790673788e26
9.94006	3.4175733038764846e26
9.94339	3.4068762598776645e26
9.94672	3.3962049297367386e26
9.95005	3.385597943621534e26
9.95338	3.3750044596894695e26
9.95671	3.3644307302531046e26
9.96004	3.35388994982345e26
9.96337	3.343390043261466e26
9.9667	3.332942688746704e26
9.97003	3.32250291744459e26
9.97336	3.312120159865924e26
9.97669	3.301760865753339e26
9.98002	3.291442901198537e26
9.98335	3.281143279607129e26
9.98668	3.270878538101699e26
9.99001	3.260648757544688e26
9.99334	3.250451036423494e26
9.99667	3.2403049941794286e26
10.	3.230177611828611e26